2	355	0.903	0.097
2	532	0.863	0.137
2	563	0.842	0.158
2	1062	0.011	0.989
2	1069	0.728	0.272
2	1500	0.378	0.622
2	1761	0.926	0.074
2	2000	0.989	0.011
2	2726	0.972	0.028
2	2782	0.948	0.052
2	4552	0.989	0.011
2	4686	0.179	0.821
2	4816	0.76	0.24
2	5785	0.35	0.65
2	6041	0.64	0.36
2	6526	0.552	0.448
2	6641	0.938	0.062
2	7950	0.939	0.061
2	8726	0.971	0.029
2	9210	0.132	0.868
2	10776	0.6	0.4
2	10952	0.987	0.013
2	12800	0.927	0.073
2	12829	0.928	0.072
2	13047	0.668	0.332
2	13920	0.538	0.462
2	13933	0.946	0.054
2	14090	0.983	0.017
2	14838	0.607	0.393
2	14988	0.865	0.135
2	15277	0.737	0.263
2	15562	0.818	0.182
2	16030	0.861	0.139
2	16348	0.947	0.053
2	16479	0.979	0.021
2	17500	0.743	0.257
2	18018	0.987	0.013
2	18997	0.616	0.384
2	19033	0.985	0.015
2	19772	0.972	0.028
2	20481	0.99	0.01
2	20834	0.195	0.805
2	21819	0.979	0.021
2	22345	0.13	0.87
2	22605	0.692	0.308
2	24461	0.873	0.127
2	24924	0.8	0.2
2	25096	0.986	0.014
2	25916	0.785	0.215
2	26168	0.608	0.392
2	27088	0.934	0.066
2	27261	0.969	0.031
2	27286	0.312	0.688
2	27883	0.871	0.129
2	27902	0.969	0.031
2	28154	0.842	0.158
2	28747	0.989	0.011
2	28767	0.98	0.02
2	29470	0.792	0.208
2	29503	0.976	0.024
2	29603	0.916	0.084
2	30529	0.962	0.038
2	31035	0.892	0.108
2	31161	0.458	0.542
2	31367	0.768	0.232
2	31455	0.965	0.035
2	31769	0.67	0.33
2	32751	0.788	0.212
2	32995	0.848	0.152
2	33714	0.81	0.19
2	34849	0.737	0.263
2	35527	0.742	0.258
2	35538	0.932	0.068
2	36102	0.372	0.628
2	36602	0.985	0.015
2	38196	0.985	0.015
2	38709	0.976	0.024
2	40118	0.955	0.045
2	40360	0.444	0.556
2	40393	0.883	0.117
2	40685	0.986	0.014
2	40929	0.891	0.109
2	41045	0.017	0.983
2	41293	0.917	0.083
2	41602	0.983	0.017
2	42869	0.92	0.08
2	43362	0.694	0.306
2	43501	0.244	0.756
2	43785	0.95	0.05
2	44348	0.722	0.278
2	44706	0.59	0.41
2	45892	0.973	0.027
2	46225	0.346	0.654
2	46590	0.91	0.09
2	47414	0.952	0.048
2	47563	0.99	0.01
2	48113	0.989	0.011
2	48115	0.988	0.012
2	48645	0.652	0.348
2	48982	0.49	0.51
2	49629	0.922	0.078
2	50281	0.95	0.05
2	50600	0.99	0.01
2	50836	0.978	0.022
2	51064	0.325	0.675
2	51804	0.711	0.289
2	51936	0.069	0.931
2	53758	0.934	0.066
2	55368	0.109	0.891
2	55850	0.984	0.016
2	58665	0.944	0.056
2	58915	0.966	0.034
2	59339	0.883	0.117
2	60223	0.306	0.694
2	60296	0.527	0.473
2	60376	0.649	0.351
2	60523	0.115	0.885
2	61013	0.501	0.499
2	62387	0.955	0.045
2	62604	0.913	0.087
2	63711	0.183	0.817
2	63736	0.985	0.015
2	64328	0.802	0.198
2	65592	0.989	0.011
2	66656	0.128	0.872
2	66686	0.128	0.872
2	67123	0.78	0.22
2	67574	0.093	0.907
2	67847	0.945	0.055
2	68483	0.098	0.902
2	68784	0.339	0.661
2	69393	0.671	0.329
2	69428	0.332	0.668
2	69778	0.941	0.059
2	70538	0.559	0.441
2	71859	0.96	0.04
2	72588	0.515	0.485
2	72632	0.947	0.053
2	73018	0.852	0.148
2	73939	0.949	0.051
2	74477	0.971	0.029
2	74547	0.961	0.039
2	76275	0.973	0.027
2	77519	0.931	0.069
2	77799	0.376	0.624
2	78948	0.731	0.269
2	80899	0.327	0.673
2	82283	0.835	0.165
2	83369	0.989	0.011
2	83441	0.055	0.945
2	83488	0.744	0.256
2	83805	0.526	0.474
2	84049	0.955	0.045
2	84128	0.883	0.117
2	84424	0.902	0.098
2	86176	0.827	0.173
2	87132	0.975	0.025
2	87431	0.895	0.105
2	87742	0.864	0.136
2	88214	0.648	0.352
2	88632	0.968	0.032
2	89455	0.489	0.511
2	89769	0.989	0.011
2	89842	0.967	0.033
2	89861	0.934	0.066
2	90513	0.804	0.196
2	91397	0.895	0.105
2	92184	0.8	0.2
2	93590	0.982	0.018
2	93646	0.431	0.569
2	95399	0.987	0.013
2	95419	0.976	0.024
2	95780	0.387	0.613
2	96304	0.98	0.02
2	99514	0.938	0.062
2	99903	0.818	0.182
2	100606	0.977	0.023
2	100799	0.899	0.101
2	101296	0.891	0.109
2	102769	0.983	0.017
2	104922	0.662	0.338
2	105136	0.962	0.038
2	105808	0.881	0.119
2	106432	0.301	0.699
2	106548	0.41	0.59
2	107077	0.599	0.401
2	107665	0.754	0.246
2	112298	0.799	0.201
2	112307	0.936	0.064
2	112383	0.913	0.087
2	114140	0.937	0.063
2	114585	0.736	0.264
2	114641	0.973	0.027
2	116980	0.775	0.225
2	117169	0.988	0.012
2	117410	0.99	0.01
2	117447	0.604	0.396
2	119437	0.557	0.443
2	119459	0.808	0.192
2	119822	0.975	0.025
2	119871	0.609	0.391
2	120296	0.686	0.314
2	120328	0.975	0.025
2	121227	0.736	0.264
2	122153	0.684	0.316
2	122576	0.503	0.497
2	122633	0.503	0.497
2	123569	0.839	0.161
2	123775	0.124	0.876
2	125588	0.986	0.014
2	125906	0.811	0.189
2	126367	0.765	0.235
2	126479	0.744	0.256
2	126581	0.672	0.328
2	127518	0.967	0.033
2	128385	0.984	0.016
2	128760	0.981	0.019
2	128795	0.918	0.082
2	129245	0.318	0.682
2	129748	0.976	0.024
2	130071	0.985	0.015
2	130263	0.241	0.759
2	130767	0.951	0.049
2	130892	0.88	0.12
2	131007	0.974	0.026
2	131044	0.981	0.019
2	131284	0.929	0.071
2	131314	0.703	0.297
2	132200	0.444	0.556
2	132549	0.923	0.077
2	132992	0.747	0.253
2	134284	0.979	0.021
2	134961	0.85	0.15
2	135488	0.937	0.063
2	136031	0.966	0.034
2	137214	0.863	0.137
2	137447	0.966	0.034
2	137783	0.454	0.546
2	138734	0.327	0.673
2	139088	0.802	0.198
2	139095	0.882	0.118
2	139845	0.109	0.891
2	143305	0.876	0.124
2	143618	0.893	0.107
2	144046	0.937	0.063
2	145223	0.82	0.18
2	145315	0.962	0.038
2	145812	0.907	0.093
2	146660	0.961	0.039
2	147339	0.484	0.516
2	147661	0.737	0.263
2	147818	0.499	0.501
2	149407	0.979	0.021
2	150630	0.97	0.03
2	151325	0.985	0.015
2	151327	0.137	0.863
2	151389	0.738	0.262
2	151406	0.99	0.01
2	151479	0.984	0.016
2	151483	0.97	0.03
2	152225	0.939	0.061
2	152438	0.169	0.831
2	152564	0.499	0.501
2	153011	0.941	0.059
2	153254	0.986	0.014
2	153359	0.068	0.932
2	154210	0.902	0.098
2	154301	0.98	0.02
2	155578	0.895	0.105
2	155797	0.921	0.079
2	156436	0.368	0.632
2	156788	0.845	0.155
2	157866	0.814	0.186
2	157975	0.242	0.758
2	158196	0.779	0.221
2	158857	0.725	0.275
2	159146	0.831	0.169
2	159858	0.956	0.044
2	161102	0.978	0.022
2	161955	0.97	0.03
2	162753	0.682	0.318
2	162949	0.828	0.172
2	163036	0.914	0.086
2	163278	0.772	0.228
2	163488	0.305	0.695
2	163755	0.397	0.603
2	164085	0.894	0.106
2	164478	0.949	0.051
2	164804	0.984	0.016
2	165332	0.985	0.015
2	165471	0.972	0.028
2	166308	0.952	0.048
2	166488	0.918	0.082
2	166935	0.888	0.112
2	166960	0.899	0.101
2	168083	0.533	0.467
2	168480	0.666	0.334
2	170504	0.901	0.099
2	171040	0.923	0.077
2	171112	0.98	0.02
2	172382	0.978	0.022
2	172910	0.817	0.183
2	172927	0.891	0.109
2	173341	0.073	0.927
2	173369	0.986	0.014
2	174277	0.917	0.083
2	174732	0.921	0.079
2	174930	0.523	0.477
2	175425	0.972	0.028
2	175943	0.413	0.587
2	175968	0.581	0.419
2	176371	0.923	0.077
2	177070	0.413	0.587
2	178284	0.875	0.125
2	178441	0.901	0.099
2	178974	0.984	0.016
2	179107	0.844	0.156
2	179426	0.583	0.417
2	181107	0.434	0.566
2	181414	0.831	0.169
2	181782	0.41	0.59
2	182014	0.55	0.45
2	185097	0.864	0.136
2	185450	0.893	0.107
2	185777	0.774	0.226
2	186570	0.575	0.425
2	189724	0.711	0.289
2	190208	0.94	0.06
2	190779	0.931	0.069
2	192994	0.958	0.042
2	194101	0.977	0.023
2	194306	0.979	0.021
2	194724	0.989	0.011
2	195006	0.124	0.876
2	195272	0.111	0.889
2	195451	0.938	0.062
2	195718	0.54	0.46
2	195982	0.885	0.115
2	196154	0.955	0.045
2	196293	0.395	0.605
2	196390	0.925	0.075
2	197501	0.804	0.196
2	197690	0.735	0.265
2	199282	0.981	0.019
2	200418	0.888	0.112
2	201848	0.922	0.078
2	202518	0.989	0.011
2	202911	0.832	0.168
2	203477	0.47	0.53
2	203492	0.819	0.181
2	204155	0.972	0.028
2	204445	0.859	0.141
2	204898	0.98	0.02
2	206904	0.892	0.108
2	207692	0.988	0.012
2	208662	0.98	0.02
2	208920	0.283	0.717
2	209178	0.988	0.012
2	209499	0.91	0.09
2	210054	0.326	0.674
2	210211	0.718	0.282
2	210226	0.862	0.138
2	210762	0.352	0.648
2	211807	0.837	0.163
2	211815	0.492	0.508
2	212586	0.911	0.089
2	212805	0.435	0.565
2	213327	0.238	0.762
2	213616	0.461	0.539
2	214267	0.858	0.142
2	214479	0.294	0.706
2	214507	0.954	0.046
2	214536	0.932	0.068
2	214603	0.754	0.246
2	215239	0.631	0.369
2	216010	0.823	0.177
2	216045	0.988	0.012
2	216158	0.955	0.045
2	216377	0.931	0.069
2	216762	0.969	0.031
2	217056	0.719	0.281
2	217380	0.966	0.034
2	217451	0.435	0.565
2	218245	0.971	0.029
2	218353	0.385	0.615
2	218463	0.74	0.26
2	218636	0.898	0.102
2	218975	0.988	0.012
2	220184	0.921	0.079
2	221442	0.648	0.352
2	221575	0.813	0.187
2	221904	0.475	0.525
2	223601	0.461	0.539
2	224693	0.716	0.284
2	224993	0.636	0.364
2	225536	0.183	0.817
2	226244	0.977	0.023
2	227478	0.901	0.099
2	227680	0.987	0.013
2	227906	0.529	0.471
2	227986	0.587	0.413
2	228346	0.136	0.864
2	228407	0.119	0.881
2	228825	0.842	0.158
2	228873	0.967	0.033
2	230517	0.914	0.086
2	231291	0.553	0.447
2	231350	0.853	0.147
2	231553	0.634	0.366
2	231853	0.982	0.018
2	232626	0.979	0.021
2	233117	0.936	0.064
2	234045	0.769	0.231
2	234843	0.979	0.021
2	237579	0.847	0.153
2	237700	0.961	0.039
2	239590	0.982	0.018
2	241156	0.725	0.275
2	241358	0.493	0.507
2	241518	0.634	0.366
2	241533	0.969	0.031
2	241700	0.857	0.143
2	242245	0.974	0.026
2	242631	0.864	0.136
2	242997	0.964	0.036
2	243516	0.972	0.028
2	244273	0.943	0.057
2	244354	0.907	0.093
2	244954	0.125	0.875
2	245225	0.969	0.031
2	246306	0.896	0.104
2	246364	0.374	0.626
2	247120	0.985	0.015
2	247351	0.56	0.44
2	248106	0.621	0.379
2	248498	0.987	0.013
2	248991	0.049	0.951
2	249547	0.934	0.066
2	249600	0.934	0.066
2	250105	0.918	0.082
2	250282	0.831	0.169
2	250633	0.98	0.02
2	250647	0.901	0.099
2	251073	0.986	0.014
2	251372	0.24	0.76
2	252882	0.489	0.511
2	253249	0.926	0.074
2	253638	0.578	0.422
2	254527	0.974	0.026
2	254808	0.713	0.287
2	255559	0.911	0.089
2	257646	0.564	0.436
2	258063	0.69	0.31
2	258076	0.483	0.517
2	258517	0.983	0.017
2	258884	0.288	0.712
2	259209	0.913	0.087
2	259391	0.05	0.95
2	259441	0.137	0.863
2	259578	0.98	0.02
2	261366	0.698	0.302
2	261472	0.888	0.112
2	262223	0.983	0.017
2	262327	0.983	0.017
2	262840	0.304	0.696
2	263008	0.903	0.097
2	263503	0.871	0.129
2	264331	0.951	0.049
2	264523	0.937	0.063
2	264585	0.964	0.036
2	264717	0.824	0.176
2	264843	0.579	0.421
2	265281	0.965	0.035
2	266786	0.927	0.073
2	267313	0.907	0.093
2	268511	0.954	0.046
2	268579	0.99	0.01
2	268820	0.914	0.086
2	269046	0.778	0.222
2	269342	0.846	0.154
2	269422	0.823	0.177
2	270543	0.56	0.44
2	271308	0.365	0.635
2	271652	0.867	0.133
2	272160	0.762	0.238
2	272623	0.308	0.692
2	272774	0.96	0.04
2	272894	0.809	0.191
2	273267	0.911	0.089
2	273717	0.815	0.185
2	273852	0.755	0.245
2	275024	0.945	0.055
2	275054	0.384	0.616
2	275806	0.905	0.095
2	276753	0.977	0.023
2	277589	0.989	0.011
2	277747	0.937	0.063
2	277958	0.807	0.193
2	278230	0.904	0.096
2	278615	0.888	0.112
2	279659	0.517	0.483
2	280342	0.317	0.683
2	280506	0.728	0.272
2	281409	0.958	0.042
2	282676	0.136	0.864
2	282745	0.955	0.045
2	283357	0.615	0.385
2	283770	0.961	0.039
2	284090	0.942	0.058
2	284415	0.987	0.013
2	285375	0.952	0.048
2	285930	0.354	0.646
2	286034	0.956	0.044
2	286948	0.898	0.102
2	286988	0.148	0.852
2	287089	0.941	0.059
2	287592	0.941	0.059
2	287772	0.989	0.011
2	287934	0.606	0.394
2	288423	0.725	0.275
2	289502	0.814	0.186
2	290570	0.902	0.098
2	290647	0.96	0.04
2	290722	0.225	0.775
2	291350	0.666	0.334
2	292761	0.964	0.036
2	293018	0.969	0.031
2	293566	0.953	0.047
2	293923	0.814	0.186
2	294776	0.812	0.188
2	295486	0.947	0.053
2	295761	0.665	0.335
2	297206	0.205	0.795
2	297289	0.466	0.534
2	297490	0.863	0.137
2	297917	0.978	0.022
2	298258	0.952	0.048
2	299654	0.454	0.546
2	300707	0.84	0.16
2	301040	0.906	0.094
2	301098	0.89	0.11
2	301490	0.11	0.89
2	301626	0.981	0.019
2	301823	0.937	0.063
2	302153	0.951	0.049
2	302848	0.862	0.138
2	304381	0.456	0.544
2	304494	0.952	0.048
2	304953	0.853	0.147
2	305838	0.975	0.025
2	306643	0.989	0.011
2	306688	0.675	0.325
2	307610	0.959	0.041
2	308631	0.764	0.236
2	308665	0.785	0.215
2	308828	0.923	0.077
2	309546	0.867	0.133
2	309879	0.945	0.055
2	310396	0.94	0.06
2	311586	0.768	0.232
2	311845	0.986	0.014
2	312086	0.95	0.05
2	312624	0.986	0.014
2	313417	0.684	0.316
2	313494	0.962	0.038
2	313732	0.959	0.041
2	314340	0.824	0.176
2	315612	0.947	0.053
2	316279	0.295	0.705
2	319674	0.944	0.056
2	319985	0.964	0.036
2	321490	0.823	0.177
2	322348	0.809	0.191
2	322962	0.884	0.116
2	323479	0.457	0.543
2	324867	0.937	0.063
2	325550	0.977	0.023
2	325638	0.951	0.049
2	325843	0.617	0.383
2	326498	0.953	0.047
2	326956	0.943	0.057
2	327987	0.924	0.076
2	328354	0.9	0.1
2	329174	0.944	0.056
2	329559	0.902	0.098
2	330141	0.836	0.164
2	331640	0.633	0.367
2	333570	0.832	0.168
2	333636	0.434	0.566
2	333774	0.772	0.228
2	334001	0.984	0.016
2	334330	0.392	0.608
2	334548	0.442	0.558
2	334604	0.546	0.454
2	334938	0.366	0.634
2	335143	0.859	0.141
2	336806	0.589	0.411
2	337315	0.753	0.247
2	339019	0.345	0.655
2	340358	0.961	0.039
2	340450	0.495	0.505
2	340606	0.86	0.14
2	341142	0.942	0.058
2	342236	0.674	0.326
2	342440	0.273	0.727
2	342522	0.947	0.053
2	342918	0.987	0.013
2	343067	0.866	0.134
2	343223	0.89	0.11
2	343609	0.941	0.059
2	343930	0.929	0.071
2	344004	0.482	0.518
2	346549	0.969	0.031
2	347424	0.97	0.03
2	348548	0.661	0.339
2	349315	0.903	0.097
2	349411	0.405	0.595
2	349886	0.932	0.068
2	350247	0.884	0.116
2	350994	0.934	0.066
2	353945	0.798	0.202
2	353953	0.957	0.043
2	354068	0.259	0.741
2	354145	0.792	0.208
2	354292	0.343	0.657
2	354522	0.978	0.022
2	355165	0.9	0.1
2	355240	0.969	0.031
2	355471	0.83	0.17
2	356118	0.975	0.025
2	356370	0.904	0.096
2	357012	0.854	0.146
2	357957	0.293	0.707
2	358213	0.868	0.132
2	358388	0.715	0.285
2	358406	0.824	0.176
2	358945	0.304	0.696
2	359196	0.635	0.365
2	360900	0.269	0.731
2	361341	0.964	0.036
2	361669	0.988	0.012
2	361704	0.819	0.181
2	361960	0.389	0.611
2	363031	0.6	0.4
2	363192	0.964	0.036
2	363676	0.912	0.088
2	363882	0.546	0.454
2	364035	0.974	0.026
2	364394	0.983	0.017
2	364692	0.964	0.036
2	364766	0.911	0.089
2	368066	0.927	0.073
2	369076	0.98	0.02
2	369949	0.975	0.025
2	370133	0.14	0.86
2	370177	0.975	0.025
2	370625	0.739	0.261
2	371735	0.98	0.02
2	372402	0.686	0.314
2	373456	0.395	0.605
2	373667	0.813	0.187
2	374799	0.421	0.579
2	375510	0.859	0.141
2	375967	0.884	0.116
2	376692	0.378	0.622
2	376786	0.947	0.053
2	377033	0.709	0.291
2	377895	0.626	0.374
2	379208	0.813	0.187
2	380325	0.91	0.09
2	380469	0.871	0.129
2	380953	0.437	0.563
2	381001	0.429	0.571
2	383434	0.266	0.734
2	383584	0.964	0.036
2	384487	0.586	0.414
2	385554	0.466	0.534
2	387296	0.497	0.503
2	387367	0.98	0.02
2	388555	0.894	0.106
2	388614	0.466	0.534
2	389388	0.896	0.104
2	390776	0.972	0.028
2	390954	0.826	0.174
2	391275	0.939	0.061
2	391827	0.745	0.255
2	391988	0.947	0.053
2	392373	0.44	0.56
2	393787	0.888	0.112
2	393824	0.989	0.011
2	394568	0.865	0.135
2	395006	0.558	0.442
2	395887	0.879	0.121
2	396158	0.78	0.22
2	396380	0.815	0.185
2	396858	0.924	0.076
2	396974	0.931	0.069
2	398682	0.979	0.021
2	398860	0.68	0.32
2	399271	0.932	0.068
2	399805	0.819	0.181
2	399959	0.835	0.165
2	400094	0.941	0.059
2	400823	0.988	0.012
2	401570	0.473	0.527
2	401925	0.975	0.025
2	401983	0.846	0.154
2	402106	0.67	0.33
2	402652	0.97	0.03
2	402796	0.816	0.184
2	403266	0.916	0.084
2	404279	0.698	0.302
2	404301	0.528	0.472
2	405091	0.984	0.016
2	405530	0.857	0.143
2	405558	0.94	0.06
2	405936	0.735	0.265
2	406058	0.766	0.234
2	406260	0.844	0.156
2	408996	0.732	0.268
2	409078	0.849	0.151
2	410651	0.912	0.088
2	411181	0.725	0.275
2	411688	0.923	0.077
2	412253	0.528	0.472
2	413148	0.2	0.8
2	413459	0.509	0.491
2	413600	0.651	0.349
2	413699	0.779	0.221
2	414827	0.984	0.016
2	415091	0.942	0.058
2	415231	0.932	0.068
2	416176	0.072	0.928
2	416438	0.726	0.274
2	420003	0.878	0.122
2	421226	0.711	0.289
2	421320	0.958	0.042
2	422160	0.9	0.1
2	422608	0.896	0.104
2	422806	0.958	0.042
2	422856	0.047	0.953
2	423303	0.748	0.252
2	423865	0.309	0.691
2	428106	0.915	0.085
2	428505	0.573	0.427
2	428517	0.977	0.023
2	428642	0.915	0.085
2	429544	0.646	0.354
2	429817	0.151	0.849
2	429863	0.947	0.053
2	429986	0.498	0.502
2	432271	0.453	0.547
2	432951	0.897	0.103
2	434844	0.949	0.051
2	435062	0.784	0.216
2	435438	0.559	0.441
2	436254	0.832	0.168
2	436453	0.722	0.278
2	436816	0.967	0.033
2	437345	0.923	0.077
2	438935	0.013	0.987
2	439574	0.847	0.153
2	439690	0.637	0.363
2	440546	0.988	0.012
2	441012	0.666	0.334
2	441184	0.954	0.046
2	441365	0.692	0.308
2	441488	0.25	0.75
2	442331	0.913	0.087
2	443880	0.968	0.032
2	444303	0.882	0.118
2	444354	0.981	0.019
2	444452	0.987	0.013
2	444627	0.99	0.01
2	444919	0.682	0.318
2	445133	0.076	0.924
2	445856	0.751	0.249
2	446199	0.844	0.156
2	446544	0.794	0.206
2	446649	0.553	0.447
2	446749	0.935	0.065
2	447323	0.911	0.089
2	448536	0.934	0.066
2	448565	0.968	0.032
2	448746	0.984	0.016
2	448806	0.965	0.035
2	449085	0.931	0.069
2	449241	0.987	0.013
2	449533	0.81	0.19
2	449828	0.909	0.091
2	450308	0.894	0.106
2	450866	0.903	0.097
2	452651	0.873	0.127
2	452679	0.945	0.055
2	454396	0.297	0.703
2	455535	0.774	0.226
2	455574	0.843	0.157
2	456225	0.986	0.014
2	457601	0.652	0.348
2	467648	0.982	0.018
2	467689	0.932	0.068
2	467759	0.953	0.047
2	468817	0.986	0.014
2	469902	0.185	0.815
2	470010	0.967	0.033
2	471290	0.953	0.047
2	472134	0.95	0.05
2	472430	0.133	0.867
2	472666	0.98	0.02
2	473854	0.886	0.114
2	476790	0.717	0.283
2	476799	0.717	0.283
2	477243	0.475	0.525
2	477520	0.408	0.592
2	478067	0.922	0.078
2	478274	0.173	0.827
2	479157	0.082	0.918
2	479937	0.931	0.069
2	480087	0.985	0.015
2	480558	0.787	0.213
2	480740	0.047	0.953
2	482442	0.927	0.073
2	483414	0.899	0.101
2	483589	0.843	0.157
2	485014	0.959	0.041
2	486835	0.919	0.081
2	487022	0.99	0.01
2	487933	0.092	0.908
2	489026	0.919	0.081
2	489215	0.913	0.087
2	489258	0.943	0.057
2	489619	0.05	0.95
2	490351	0.153	0.847
2	490780	0.866	0.134
2	491752	0.961	0.039
2	491795	0.965	0.035
2	492156	0.974	0.026
2	492204	0.971	0.029
2	493958	0.174	0.826
2	494469	0.068	0.932
2	494633	0.014	0.986
2	494899	0.942	0.058
2	502036	0.987	0.013
2	502992	0.988	0.012
2	503063	0.048	0.952
2	503354	0.068	0.932
2	503622	0.054	0.946
2	505535	0.921	0.079
2	506314	0.029	0.971
2	508221	0.074	0.926
2	509418	0.807	0.193
2	509869	0.654	0.346
2	511216	0.983	0.017
2	513748	0.962	0.038
2	513802	0.798	0.202
2	514375	0.981	0.019
2	515672	0.988	0.012
2	516326	0.938	0.062
2	516742	0.976	0.024
2	519504	0.63	0.37
2	519523	0.886	0.114
2	520169	0.248	0.752
2	520583	0.97	0.03
2	520666	0.504	0.496
2	524181	0.4	0.6
2	525097	0.875	0.125
2	530048	0.073	0.927
2	530178	0.226	0.774
2	530377	0.907	0.093
2	530380	0.093	0.907
2	532487	0.924	0.076
2	532706	0.912	0.088
2	532815	0.959	0.041
2	533698	0.892	0.108
2	534823	0.482	0.518
2	537073	0.409	0.591
2	537385	0.352	0.648
2	537781	0.877	0.123
2	538420	0.871	0.129
2	538429	0.982	0.018
2	538889	0.852	0.148
2	539056	0.936	0.064
2	539586	0.811	0.189
2	539607	0.771	0.229
2	540399	0.366	0.634
2	540701	0.168	0.832
2	541922	0.739	0.261
2	542114	0.645	0.355
2	542186	0.282	0.718
2	542369	0.915	0.085
2	546473	0.406	0.594
2	547816	0.967	0.033
2	547887	0.982	0.018
2	549160	0.939	0.061
2	551513	0.797	0.203
2	551810	0.968	0.032
2	553719	0.987	0.013
2	554312	0.481	0.519
2	555254	0.098	0.902
2	556307	0.485	0.515
2	556412	0.798	0.202
2	557682	0.579	0.421
2	558143	0.854	0.146
2	558223	0.952	0.048
2	558553	0.915	0.085
2	559400	0.68	0.32
2	559625	0.94	0.06
2	560168	0.986	0.014
2	560311	0.877	0.123
2	560604	0.884	0.116
2	560897	0.811	0.189
2	561362	0.973	0.027
2	563672	0.907	0.093
2	563762	0.909	0.091
2	564743	0.968	0.032
2	564911	0.089	0.911
2	565374	0.341	0.659
2	565755	0.014	0.986
2	566981	0.906	0.094
2	567025	0.865	0.135
2	567474	0.617	0.383
2	567480	0.108	0.892
2	567682	0.932	0.068
2	567821	0.012	0.988
2	567863	0.882	0.118
2	567883	0.61	0.39
2	567916	0.957	0.043
2	568248	0.947	0.053
2	568570	0.967	0.033
2	569008	0.835	0.165
2	570306	0.89	0.11
2	570698	0.655	0.345
2	570803	0.96	0.04
2	571097	0.96	0.04
2	571534	0.963	0.037
2	572451	0.885	0.115
2	572702	0.958	0.042
2	573735	0.99	0.01
2	574479	0.376	0.624
2	574963	0.967	0.033
2	576554	0.568	0.432
2	577036	0.705	0.295
2	578185	0.351	0.649
2	578679	0.954	0.046
2	578754	0.949	0.051
2	580762	0.729	0.271
2	581302	0.454	0.546
2	581329	0.785	0.215
2	582836	0.983	0.017
2	582885	0.98	0.02
2	582905	0.985	0.015
2	584607	0.945	0.055
2	585162	0.591	0.409
2	586489	0.145	0.855
2	587725	0.425	0.575
2	587733	0.856	0.144
2	588150	0.96	0.04
2	588165	0.111	0.889
2	588555	0.96	0.04
2	588740	0.855	0.145
2	588784	0.919	0.081
2	589135	0.971	0.029
2	589658	0.98	0.02
2	589809	0.262	0.738
2	590013	0.976	0.024
2	590037	0.988	0.012
2	590108	0.816	0.184
2	591366	0.43	0.57
2	591992	0.572	0.428
2	592748	0.914	0.086
2	592757	0.815	0.185
2	593144	0.972	0.028
2	593665	0.841	0.159
2	594545	0.785	0.215
2	594755	0.818	0.182
2	595036	0.213	0.787
2	596758	0.883	0.117
2	596835	0.988	0.012
2	597133	0.974	0.026
2	597717	0.684	0.316
2	597848	0.841	0.159
2	597962	0.65	0.35
2	599229	0.971	0.029
2	600551	0.958	0.042
2	600818	0.531	0.469
2	600891	0.816	0.184
2	600916	0.603	0.397
2	602653	0.396	0.604
2	603383	0.595	0.405
2	603554	0.913	0.087
2	604055	0.96	0.04
2	604264	0.805	0.195
2	604673	0.856	0.144
2	604821	0.783	0.217
2	605256	0.818	0.182
2	606286	0.67	0.33
2	607101	0.471	0.529
2	607464	0.895	0.105
2	607558	0.472	0.528
2	608170	0.688	0.312
2	608271	0.978	0.022
2	608743	0.98	0.02
2	608774	0.978	0.022
2	609970	0.98	0.02
2	610312	0.553	0.447
2	610696	0.65	0.35
2	611161	0.476	0.524
2	612421	0.974	0.026
2	612892	0.9	0.1
2	614317	0.817	0.183
2	615906	0.282	0.718
2	616114	0.192	0.808
2	617788	0.737	0.263
2	618030	0.315	0.685
2	618131	0.06	0.94
2	619700	0.983	0.017
2	621535	0.909	0.091
2	621923	0.968	0.032
2	622106	0.929	0.071
2	622165	0.929	0.071
2	622458	0.929	0.071
2	622660	0.929	0.071
2	622845	0.965	0.035
2	623162	0.56	0.44
2	624068	0.913	0.087
2	626056	0.556	0.444
2	626456	0.903	0.097
2	626648	0.689	0.311
2	627467	0.765	0.235
2	628463	0.909	0.091
2	628640	0.904	0.096
2	628913	0.956	0.044
2	629124	0.773	0.227
2	629353	0.962	0.038
2	629725	0.712	0.288
2	629919	0.805	0.195
2	630141	0.977	0.023
2	630552	0.7	0.3
2	630665	0.398	0.602
2	631152	0.432	0.568
2	631258	0.863	0.137
2	631395	0.877	0.123
2	631966	0.452	0.548
2	632001	0.666	0.334
2	632234	0.72	0.28
2	632300	0.665	0.335
2	632506	0.932	0.068
2	633128	0.971	0.029
2	633637	0.923	0.077
2	633965	0.791	0.209
2	634528	0.258	0.742
2	634571	0.901	0.099
2	635606	0.389	0.611
2	638596	0.352	0.648
2	638949	0.022	0.978
2	639119	0.977	0.023
2	640093	0.367	0.633
2	640246	0.885	0.115
2	640425	0.349	0.651
2	640677	0.985	0.015
2	641033	0.94	0.06
2	641531	0.987	0.013
2	641785	0.955	0.045
2	641837	0.882	0.118
2	642046	0.829	0.171
2	642275	0.913	0.087
2	643426	0.847	0.153
2	643470	0.495	0.505
2	645149	0.481	0.519
2	645717	0.987	0.013
2	645936	0.937	0.063
2	646062	0.987	0.013
2	646296	0.921	0.079
2	647166	0.97	0.03
2	648198	0.953	0.047
2	649740	0.816	0.184
2	651263	0.977	0.023
2	651740	0.908	0.092
2	651833	0.941	0.059
2	651945	0.926	0.074
2	652592	0.533	0.467
2	652948	0.508	0.492
2	653085	0.952	0.048
2	653161	0.53	0.47
2	653611	0.572	0.428
2	655298	0.071	0.929
2	655353	0.975	0.025
2	655403	0.309	0.691
2	655486	0.929	0.071
2	655739	0.972	0.028
2	655897	0.26	0.74
2	656035	0.773	0.227
2	656469	0.854	0.146
2	656841	0.436	0.564
2	657299	0.953	0.047
2	658688	0.903	0.097
2	659169	0.949	0.051
2	660200	0.512	0.488
2	660395	0.867	0.133
2	661020	0.951	0.049
2	661134	0.402	0.598
2	661493	0.949	0.051
2	661719	0.949	0.051
2	662081	0.985	0.015
2	662320	0.341	0.659
2	662405	0.953	0.047
2	662877	0.917	0.083
2	663570	0.977	0.023
2	664742	0.97	0.03
2	665038	0.765	0.235
2	665118	0.979	0.021
2	665330	0.543	0.457
2	665449	0.977	0.023
2	665863	0.97	0.03
2	667134	0.875	0.125
2	667386	0.862	0.138
2	668458	0.692	0.308
2	668714	0.944	0.056
2	669373	0.972	0.028
2	669609	0.676	0.324
2	669706	0.884	0.116
2	670066	0.882	0.118
2	670191	0.772	0.228
2	670719	0.968	0.032
2	670847	0.722	0.278
2	670932	0.968	0.032
2	671526	0.989	0.011
2	671556	0.838	0.162
2	673053	0.744	0.256
2	673226	0.776	0.224
2	673435	0.863	0.137
2	674838	0.784	0.216
2	675284	0.299	0.701
2	675876	0.973	0.027
2	677125	0.959	0.041
2	677714	0.901	0.099
2	678216	0.875	0.125
2	678466	0.531	0.469
2	679815	0.613	0.387
2	680409	0.096	0.904
2	680626	0.341	0.659
2	680669	0.377	0.623
2	681855	0.476	0.524
2	682563	0.048	0.952
2	683461	0.812	0.188
2	683804	0.519	0.481
2	684497	0.513	0.487
2	684722	0.793	0.207
2	685360	0.662	0.338
2	686079	0.826	0.174
2	686519	0.834	0.166
2	687017	0.99	0.01
2	688729	0.126	0.874
2	688769	0.631	0.369
2	689223	0.782	0.218
2	690586	0.37	0.63
2	691021	0.937	0.063
2	691520	0.988	0.012
2	691525	0.654	0.346
2	692136	0.66	0.34
2	692971	0.348	0.652
2	692997	0.968	0.032
2	693536	0.957	0.043
2	693706	0.981	0.019
2	693889	0.969	0.031
2	694632	0.884	0.116
2	695451	0.895	0.105
2	695862	0.959	0.041
2	696108	0.601	0.399
2	696989	0.965	0.035
2	697379	0.521	0.479
2	697430	0.778	0.222
2	697815	0.495	0.505
2	698016	0.936	0.064
2	699331	0.874	0.126
2	700509	0.834	0.166
2	701298	0.986	0.014
2	702125	0.972	0.028
2	703122	0.514	0.486
2	703243	0.825	0.175
2	703791	0.892	0.108
2	704202	0.839	0.161
2	705193	0.979	0.021
2	705633	0.504	0.496
2	707237	0.433	0.567
2	707265	0.422	0.578
2	708635	0.641	0.359
2	708956	0.956	0.044
2	710307	0.331	0.669
2	711960	0.722	0.278
2	712605	0.968	0.032
2	712870	0.728	0.272
2	714002	0.08	0.92
2	715384	0.072	0.928
2	716489	0.947	0.053
2	716706	0.956	0.044
2	717323	0.988	0.012
2	717336	0.968	0.032
2	717527	0.99	0.01
2	717599	0.984	0.016
2	718590	0.959	0.041
2	719117	0.541	0.459
2	719591	0.512	0.488
2	720380	0.518	0.482
2	720557	0.974	0.026
2	721519	0.969	0.031
2	723281	0.022	0.978
2	724355	0.944	0.056
2	724903	0.935	0.065
2	727566	0.981	0.019
2	728122	0.88	0.12
2	728373	0.05	0.95
2	728911	0.97	0.03
2	729495	0.117	0.883
2	729617	0.931	0.069
2	731185	0.232	0.768
2	731739	0.968	0.032
2	731752	0.984	0.016
2	732695	0.254	0.746
2	733577	0.897	0.103
2	735345	0.988	0.012
2	735414	0.518	0.482
2	737290	0.985	0.015
2	737852	0.933	0.067
2	737912	0.907	0.093
2	738046	0.933	0.067
2	738568	0.669	0.331
2	738976	0.894	0.106
2	739719	0.966	0.034
2	740254	0.912	0.088
2	740478	0.551	0.449
2	740525	0.874	0.126
2	741628	0.982	0.018
2	742559	0.961	0.039
2	743095	0.439	0.561
2	744345	0.798	0.202
2	746785	0.571	0.429
2	746830	0.978	0.022
2	747591	0.903	0.097
2	747648	0.953	0.047
2	747724	0.746	0.254
2	748883	0.989	0.011
2	748931	0.862	0.138
2	750523	0.944	0.056
2	750636	0.986	0.014
2	751713	0.91	0.09
2	751796	0.935	0.065
2	752671	0.732	0.268
2	753030	0.765	0.235
2	755358	0.962	0.038
2	755679	0.926	0.074
2	755764	0.975	0.025
2	756173	0.972	0.028
2	756360	0.638	0.362
2	757003	0.668	0.332
2	758598	0.988	0.012
2	759578	0.928	0.072
2	759927	0.906	0.094
2	760995	0.223	0.777
2	761479	0.873	0.127
2	762535	0.195	0.805
2	763138	0.945	0.055
2	763583	0.977	0.023
2	763931	0.691	0.309
2	764563	0.973	0.027
2	764923	0.791	0.209
2	767380	0.486	0.514
2	768142	0.552	0.448
2	768539	0.879	0.121
2	768659	0.867	0.133
2	769283	0.887	0.113
2	769377	0.525	0.475
2	769508	0.837	0.163
2	769522	0.879	0.121
2	770392	0.806	0.194
2	770534	0.976	0.024
2	770831	0.967	0.033
2	772838	0.923	0.077
2	772933	0.068	0.932
2	773390	0.563	0.437
2	774452	0.952	0.048
2	774828	0.844	0.156
2	775894	0.986	0.014
2	777613	0.99	0.01
2	778152	0.692	0.308
2	779779	0.384	0.616
2	780045	0.946	0.054
2	780978	0.436	0.564
2	781016	0.869	0.131
2	781928	0.886	0.114
2	782144	0.964	0.036
2	782932	0.919	0.081
2	782992	0.912	0.088
2	783386	0.843	0.157
2	783715	0.143	0.857
2	784366	0.839	0.161
2	784607	0.979	0.021
2	784665	0.709	0.291
2	784861	0.284	0.716
2	784903	0.701	0.299
2	785028	0.494	0.506
2	786056	0.755	0.245
2	786495	0.619	0.381
2	786926	0.835	0.165
2	787384	0.984	0.016
2	789125	0.873	0.127
2	789989	0.297	0.703
2	791599	0.968	0.032
2	791666	0.942	0.058
2	792562	0.498	0.502
2	792637	0.445	0.555
2	793379	0.985	0.015
2	794362	0.487	0.513
2	795177	0.947	0.053
2	795240	0.926	0.074
2	795244	0.96	0.04
2	796083	0.934	0.066
2	797035	0.769	0.231
2	797972	0.599	0.401
2	798732	0.74	0.26
2	799129	0.763	0.237
2	799322	0.944	0.056
2	799820	0.811	0.189
2	800135	0.724	0.276
2	800586	0.978	0.022
2	800669	0.982	0.018
2	800973	0.461	0.539
2	801080	0.968	0.032
2	801094	0.032	0.968
2	801591	0.98	0.02
2	802194	0.858	0.142
2	802746	0.988	0.012
2	803199	0.928	0.072
2	803499	0.928	0.072
2	803606	0.9	0.1
2	804235	0.961	0.039
2	805334	0.93	0.07
2	807158	0.775	0.225
2	809552	0.957	0.043
2	810101	0.988	0.012
2	810517	0.789	0.211
2	810592	0.666	0.334
2	811011	0.961	0.039
2	811349	0.986	0.014
2	811402	0.444	0.556
2	811437	0.801	0.199
2	814699	0.989	0.011
2	815183	0.955	0.045
2	815664	0.989	0.011
2	815734	0.961	0.039
2	816738	0.982	0.018
2	817178	0.5	0.5
2	818097	0.99	0.01
2	818393	0.731	0.269
2	819113	0.921	0.079
2	819497	0.876	0.124
2	820580	0.988	0.012
2	821091	0.983	0.017
2	821151	0.978	0.022
2	821299	0.926	0.074
2	823593	0.892	0.108
2	823653	0.929	0.071
2	824051	0.799	0.201
2	825124	0.915	0.085
2	825173	0.809	0.191
2	825625	0.58	0.42
2	826372	0.988	0.012
2	826580	0.5	0.5
2	827216	0.923	0.077
2	827376	0.584	0.416
2	828082	0.776	0.224
2	828496	0.972	0.028
2	828644	0.97	0.03
2	828690	0.127	0.873
2	829244	0.847	0.153
2	829604	0.982	0.018
2	829936	0.926	0.074
2	830263	0.912	0.088
2	830464	0.509	0.491
2	830830	0.903	0.097
2	831308	0.802	0.198
2	833621	0.762	0.238
2	834052	0.978	0.022
2	834781	0.124	0.876
2	834858	0.36	0.64
2	835457	0.896	0.104
2	835482	0.99	0.01
2	836208	0.533	0.467
2	836601	0.92	0.08
2	837059	0.803	0.197
2	840631	0.856	0.144
2	840972	0.948	0.052
2	841411	0.926	0.074
2	841525	0.986	0.014
2	843001	0.82	0.18
2	843420	0.553	0.447
2	844254	0.923	0.077
2	845249	0.897	0.103
2	845869	0.096	0.904
2	846306	0.862	0.138
2	846916	0.752	0.248
2	847271	0.874	0.126
2	847358	0.931	0.069
2	849246	0.882	0.118
2	849308	0.925	0.075
2	849713	0.849	0.151
2	850319	0.571	0.429
2	851391	0.662	0.338
2	851519	0.925	0.075
2	851641	0.857	0.143
2	851858	0.909	0.091
2	852137	0.924	0.076
2	855539	0.874	0.126
2	855747	0.657	0.343
2	856075	0.925	0.075
2	856282	0.554	0.446
2	860018	0.897	0.103
2	860343	0.113	0.887
2	861577	0.864	0.136
2	861950	0.474	0.526
2	862206	0.546	0.454
2	864292	0.986	0.014
2	864492	0.934	0.066
2	865205	0.422	0.578
2	865541	0.484	0.516
2	865580	0.844	0.156
2	865978	0.901	0.099
2	866071	0.977	0.023
2	866286	0.935	0.065
2	868472	0.159	0.841
2	869356	0.683	0.317
2	869633	0.793	0.207
2	869679	0.666	0.334
2	869980	0.653	0.347
2	870030	0.438	0.562
2	870259	0.636	0.364
2	870294	0.87	0.13
2	870391	0.982	0.018
2	870467	0.924	0.076
2	870548	0.58	0.42
2	871221	0.979	0.021
2	872829	0.989	0.011
2	874334	0.187	0.813
2	874358	0.764	0.236
2	876069	0.331	0.669
2	877672	0.886	0.114
2	878106	0.963	0.037
2	879168	0.726	0.274
2	879258	0.982	0.018
2	881182	0.942	0.058
2	883289	0.972	0.028
2	883445	0.876	0.124
2	883562	0.912	0.088
2	884238	0.935	0.065
2	884493	0.936	0.064
2	885235	0.726	0.274
2	885399	0.974	0.026
2	885417	0.97	0.03
2	885442	0.912	0.088
2	886091	0.852	0.148
2	887994	0.945	0.055
2	889169	0.825	0.175
2	889221	0.943	0.057
2	889229	0.966	0.034
2	889469	0.453	0.547
2	889631	0.955	0.045
2	890101	0.827	0.173
2	892224	0.135	0.865
2	892540	0.875	0.125
2	893094	0.934	0.066
2	893235	0.654	0.346
2	894202	0.981	0.019
2	894323	0.721	0.279
2	895021	0.88	0.12
2	895165	0.893	0.107
2	896250	0.63	0.37
2	896429	0.973	0.027
2	896434	0.284	0.716
2	896555	0.945	0.055
2	896845	0.873	0.127
2	897202	0.096	0.904
2	898285	0.964	0.036
2	898974	0.898	0.102
2	900331	0.978	0.022
2	900454	0.951	0.049
2	902853	0.778	0.222
2	902903	0.508	0.492
2	902912	0.431	0.569
2	905596	0.876	0.124
2	906392	0.908	0.092
2	906747	0.675	0.325
2	908000	0.933	0.067
2	908395	0.815	0.185
2	908519	0.761	0.239
2	908603	0.822	0.178
2	909145	0.96	0.04
2	909934	0.3	0.7
2	909948	0.13	0.87
2	910512	0.875	0.125
2	911735	0.247	0.753
2	911835	0.762	0.238
2	913293	0.923	0.077
2	913597	0.971	0.029
2	914351	0.967	0.033
2	914474	0.027	0.973
2	914573	0.974	0.026
2	914575	0.973	0.027
2	915588	0.498	0.502
2	915668	0.774	0.226
2	915876	0.788	0.212
2	916272	0.469	0.531
2	917651	0.826	0.174
2	918103	0.987	0.013
2	918165	0.742	0.258
2	918554	0.965	0.035
2	918697	0.932	0.068
2	919244	0.971	0.029
2	919401	0.86	0.14
2	919678	0.678	0.322
2	921589	0.758	0.242
2	922301	0.515	0.485
2	922463	0.068	0.932
2	922957	0.938	0.062
2	923317	0.817	0.183
2	923389	0.817	0.183
2	924787	0.633	0.367
2	925008	0.02	0.98
2	925859	0.707	0.293
2	925874	0.516	0.484
2	927572	0.827	0.173
2	927738	0.95	0.05
2	927753	0.985	0.015
2	928100	0.857	0.143
2	929624	0.426	0.574
2	930378	0.976	0.024
2	930466	0.986	0.014
2	930720	0.912	0.088
2	932521	0.964	0.036
2	933558	0.614	0.386
2	933730	0.928	0.072
2	933801	0.821	0.179
2	934057	0.83	0.17
2	934535	0.263	0.737
2	934724	0.905	0.095
2	934889	0.786	0.214
2	935204	0.856	0.144
2	936557	0.649	0.351
2	937010	0.974	0.026
2	937508	0.743	0.257
2	938300	0.663	0.337
2	938349	0.975	0.025
2	940041	0.977	0.023
2	940521	0.977	0.023
2	940917	0.975	0.025
2	941027	0.4	0.6
2	941322	0.98	0.02
2	942034	0.976	0.024
2	942281	0.923	0.077
2	943377	0.149	0.851
2	943420	0.971	0.029
2	943673	0.73	0.27
2	944087	0.631	0.369
2	944336	0.962	0.038
2	944530	0.154	0.846
2	944622	0.844	0.156
2	945223	0.934	0.066
2	945646	0.488	0.512
2	945812	0.576	0.424
2	947186	0.971	0.029
2	947235	0.121	0.879
2	947579	0.964	0.036
2	947692	0.16	0.84
2	948008	0.439	0.561
2	949616	0.821	0.179
2	950141	0.952	0.048
2	951378	0.982	0.018
2	952176	0.99	0.01
2	953760	0.915	0.085
2	954399	0.185	0.815
2	954658	0.384	0.616
2	954855	0.616	0.384
2	955279	0.801	0.199
2	957440	0.447	0.553
2	957509	0.373	0.627
2	958233	0.481	0.519
2	960843	0.148	0.852
2	960872	0.567	0.433
2	961033	0.921	0.079
2	961462	0.963	0.037
2	961589	0.29	0.71
2	961622	0.969	0.031
2	961642	0.963	0.037
2	961655	0.969	0.031
2	962078	0.819	0.181
2	962551	0.974	0.026
2	963142	0.847	0.153
2	963208	0.98	0.02
2	963837	0.774	0.226
2	963854	0.962	0.038
2	964103	0.829	0.171
2	964642	0.969	0.031
2	964879	0.825	0.175
2	966205	0.919	0.081
2	967273	0.613	0.387
2	967754	0.887	0.113
2	967841	0.975	0.025
2	970530	0.721	0.279
2	971344	0.354	0.646
2	972050	0.912	0.088
2	973287	0.434	0.566
2	973371	0.783	0.217
2	973401	0.978	0.022
2	974391	0.969	0.031
2	975378	0.416	0.584
2	976104	0.598	0.402
2	976744	0.898	0.102
2	977047	0.977	0.023
2	977248	0.477	0.523
2	977260	0.888	0.112
2	977761	0.902	0.098
2	977941	0.743	0.257
2	978237	0.912	0.088
2	980379	0.906	0.094
2	980457	0.482	0.518
2	981360	0.768	0.232
2	981594	0.843	0.157
2	981808	0.728	0.272
2	982462	0.977	0.023
2	982496	0.925	0.075
2	982585	0.975	0.025
2	982781	0.987	0.013
2	984042	0.143	0.857
2	984775	0.673	0.327
2	985908	0.781	0.219
2	986875	0.983	0.017
2	987395	0.82	0.18
2	987854	0.975	0.025
2	987965	0.511	0.489
2	988636	0.942	0.058
2	988847	0.869	0.131
2	988961	0.28	0.72
2	989628	0.861	0.139
2	989974	0.969	0.031
2	990282	0.325	0.675
2	990960	0.967	0.033
2	992352	0.824	0.176
2	992683	0.88	0.12
2	992884	0.957	0.043
2	993370	0.834	0.166
2	993492	0.814	0.186
2	993781	0.656	0.344
2	993833	0.587	0.413
2	994014	0.932	0.068
2	994159	0.918	0.082
2	994732	0.985	0.015
2	997924	0.845	0.155
2	999037	0.722	0.278
2	1000251	0.959	0.041
2	1000886	0.732	0.268
2	1000968	0.819	0.181
2	1002058	0.958	0.042
2	1003064	0.953	0.047
2	1003364	0.762	0.238
2	1004699	0.92	0.08
2	1004755	0.222	0.778
2	1005795	0.966	0.034
2	1006702	0.635	0.365
2	1006988	0.686	0.314
2	1007687	0.674	0.326
2	1009585	0.978	0.022
2	1010783	0.916	0.084
2	1012211	0.862	0.138
2	1012297	0.754	0.246
2	1012447	0.345	0.655
2	1013614	0.086	0.914
2	1014163	0.977	0.023
2	1015051	0.926	0.074
2	1015567	0.429	0.571
2	1015647	0.975	0.025
2	1017129	0.036	0.964
2	1017169	0.99	0.01
2	1017804	0.841	0.159
2	1017915	0.882	0.118
2	1018000	0.772	0.228
2	1018608	0.988	0.012
2	1018683	0.987	0.013
2	1019601	0.99	0.01
2	1020566	0.481	0.519
2	1020743	0.757	0.243
2	1023285	0.924	0.076
2	1023756	0.715	0.285
2	1023793	0.804	0.196
2	1024000	0.844	0.156
2	1024648	0.99	0.01
2	1025122	0.965	0.035
2	1025472	0.708	0.292
2	1025503	0.671	0.329
2	1026763	0.835	0.165
2	1027857	0.832	0.168
2	1028122	0.233	0.767
2	1028321	0.626	0.374
2	1028516	0.7	0.3
2	1028933	0.904	0.096
2	1029932	0.42	0.58
2	1030636	0.987	0.013
2	1032176	0.969	0.031
2	1033613	0.972	0.028
2	1033833	0.965	0.035
2	1034050	0.764	0.236
2	1034228	0.887	0.113
2	1035071	0.934	0.066
2	1036090	0.54	0.46
2	1038214	0.553	0.447
2	1038474	0.868	0.132
2	1040381	0.946	0.054
2	1041232	0.862	0.138
2	1041400	0.651	0.349
2	1042802	0.915	0.085
2	1043206	0.957	0.043
2	1044268	0.9	0.1
2	1045287	0.759	0.241
2	1046305	0.615	0.385
2	1046551	0.979	0.021
2	1046735	0.901	0.099
2	1047264	0.21	0.79
2	1047473	0.983	0.017
2	1048154	0.215	0.785
2	1048455	0.906	0.094
2	1049277	0.958	0.042
2	1049303	0.984	0.016
2	1050039	0.927	0.073
2	1050159	0.281	0.719
2	1050184	0.921	0.079
2	1050656	0.971	0.029
2	1051318	0.733	0.267
2	1051542	0.586	0.414
2	1051551	0.883	0.117
2	1051651	0.865	0.135
2	1051766	0.768	0.232
2	1052001	0.898	0.102
2	1052215	0.895	0.105
2	1053930	0.92	0.08
2	1054909	0.985	0.015
2	1055710	0.984	0.016
2	1056689	0.986	0.014
2	1057901	0.943	0.057
2	1058629	0.894	0.106
2	1059407	0.561	0.439
2	1060925	0.944	0.056
2	1061059	0.988	0.012
2	1063282	0.743	0.257
2	1063513	0.955	0.045
2	1063863	0.97	0.03
2	1064207	0.866	0.134
2	1064556	0.891	0.109
2	1065140	0.68	0.32
2	1065342	0.187	0.813
2	1068461	0.933	0.067
2	1068650	0.94	0.06
2	1069081	0.781	0.219
2	1069157	0.671	0.329
2	1071383	0.96	0.04
2	1071448	0.206	0.794
2	1071909	0.721	0.279
2	1072444	0.969	0.031
2	1072926	0.392	0.608
2	1073011	0.458	0.542
2	1073093	0.952	0.048
2	1073366	0.985	0.015
2	1073670	0.989	0.011
2	1073837	0.774	0.226
2	1074164	0.747	0.253
2	1074331	0.989	0.011
2	1075029	0.676	0.324
2	1075477	0.676	0.324
2	1075864	0.422	0.578
2	1076363	0.811	0.189
2	1076459	0.972	0.028
2	1076517	0.979	0.021
2	1077332	0.857	0.143
2	1078513	0.986	0.014
2	1078767	0.962	0.038
2	1079015	0.08	0.92
2	1079148	0.92	0.08
2	1079663	0.953	0.047
2	1080688	0.952	0.048
2	1081009	0.573	0.427
2	1082465	0.949	0.051
2	1082544	0.868	0.132
2	1083323	0.981	0.019
2	1083393	0.06	0.94
2	1084694	0.841	0.159
2	1085574	0.057	0.943
2	1085645	0.77	0.23
2	1085896	0.951	0.049
2	1086858	0.08	0.92
2	1087580	0.976	0.024
2	1088301	0.967	0.033
2	1088548	0.975	0.025
2	1089164	0.458	0.542
2	1090078	0.875	0.125
2	1090433	0.87	0.13
2	1091855	0.943	0.057
2	1091947	0.458	0.542
2	1091982	0.083	0.917
2	1092355	0.73	0.27
2	1092947	0.799	0.201
2	1094040	0.696	0.304
2	1094387	0.483	0.517
2	1095142	0.931	0.069
2	1095572	0.965	0.035
2	1096666	0.965	0.035
2	1096945	0.772	0.228
2	1098411	0.892	0.108
2	1098478	0.912	0.088
2	1099428	0.626	0.374
2	1099800	0.822	0.178
2	1101122	0.962	0.038
2	1101544	0.961	0.039
2	1101628	0.977	0.023
2	1101647	0.985	0.015
2	1101858	0.981	0.019
2	1102414	0.927	0.073
2	1102789	0.907	0.093
2	1104011	0.669	0.331
2	1105214	0.668	0.332
2	1105759	0.805	0.195
2	1106191	0.924	0.076
2	1108045	0.839	0.161
2	1109193	0.623	0.377
2	1109258	0.918	0.082
2	1109757	0.685	0.315
2	1110271	0.451	0.549
2	1110546	0.95	0.05
2	1111329	0.849	0.151
2	1111720	0.925	0.075
2	1111882	0.983	0.017
2	1112043	0.959	0.041
2	1112486	0.713	0.287
2	1112799	0.463	0.537
2	1112831	0.828	0.172
2	1112959	0.785	0.215
2	1113075	0.971	0.029
2	1113504	0.942	0.058
2	1114815	0.989	0.011
2	1114851	0.958	0.042
2	1115181	0.883	0.117
2	1116190	0.989	0.011
2	1116298	0.729	0.271
2	1116634	0.284	0.716
2	1117303	0.989	0.011
2	1118163	0.986	0.014
2	1118538	0.979	0.021
2	1119802	0.939	0.061
2	1119993	0.866	0.134
2	1120226	0.59	0.41
2	1121466	0.969	0.031
2	1121936	0.576	0.424
2	1122458	0.949	0.051
2	1123301	0.95	0.05
2	1123717	0.955	0.045
2	1124198	0.986	0.014
2	1124342	0.985	0.015
2	1124359	0.467	0.533
2	1125547	0.92	0.08
2	1125985	0.3	0.7
2	1127814	0.971	0.029
2	1127867	0.88	0.12
2	1128164	0.752	0.248
2	1128203	0.487	0.513
2	1129601	0.542	0.458
2	1129757	0.986	0.014
2	1129948	0.443	0.557
2	1130008	0.969	0.031
2	1130211	0.975	0.025
2	1131510	0.971	0.029
2	1131603	0.698	0.302
2	1131647	0.399	0.601
2	1132378	0.54	0.46
2	1132433	0.844	0.156
2	1134724	0.968	0.032
2	1135275	0.873	0.127
2	1135691	0.946	0.054
2	1136096	0.684	0.316
2	1137432	0.924	0.076
2	1138337	0.925	0.075
2	1138353	0.551	0.449
2	1138458	0.875	0.125
2	1140149	0.791	0.209
2	1141207	0.984	0.016
2	1141284	0.913	0.087
2	1141859	0.988	0.012
2	1142168	0.916	0.084
2	1144141	0.426	0.574
2	1144396	0.851	0.149
2	1145206	0.38	0.62
2	1146000	0.893	0.107
2	1146168	0.988	0.012
2	1147159	0.442	0.558
2	1148952	0.078	0.922
2	1149423	0.27	0.73
2	1150082	0.213	0.787
2	1150776	0.596	0.404
2	1150941	0.97	0.03
2	1151071	0.93	0.07
2	1151216	0.975	0.025
2	1151846	0.758	0.242
2	1152727	0.815	0.185
2	1153368	0.888	0.112
2	1153619	0.937	0.063
2	1155158	0.963	0.037
2	1155274	0.887	0.113
2	1155345	0.919	0.081
2	1155613	0.872	0.128
2	1156095	0.984	0.016
2	1156680	0.928	0.072
2	1157060	0.613	0.387
2	1157541	0.961	0.039
2	1157587	0.983	0.017
2	1157629	0.541	0.459
2	1157835	0.242	0.758
2	1157870	0.758	0.242
2	1158447	0.721	0.279
2	1158473	0.042	0.958
2	1158819	0.848	0.152
2	1159378	0.567	0.433
2	1160452	0.984	0.016
2	1162737	0.874	0.126
2	1162912	0.792	0.208
2	1162923	0.688	0.312
2	1163790	0.854	0.146
2	1164253	0.766	0.234
2	1164534	0.929	0.071
2	1167340	0.974	0.026
2	1168640	0.984	0.016
2	1169162	0.952	0.048
2	1169336	0.095	0.905
2	1169440	0.559	0.441
2	1170970	0.949	0.051
2	1171085	0.376	0.624
2	1171196	0.977	0.023
2	1172562	0.296	0.704
2	1173071	0.433	0.567
2	1173883	0.512	0.488
2	1175763	0.932	0.068
2	1176231	0.651	0.349
2	1177423	0.728	0.272
2	1177458	0.963	0.037
2	1177611	0.988	0.012
2	1177981	0.972	0.028
2	1179227	0.958	0.042
2	1179914	0.94	0.06
2	1180109	0.26	0.74
2	1180597	0.057	0.943
2	1181202	0.68	0.32
2	1181457	0.84	0.16
2	1182010	0.368	0.632
2	1182024	0.952	0.048
2	1182608	0.869	0.131
2	1182958	0.84	0.16
2	1183204	0.972	0.028
2	1184111	0.982	0.018
2	1185473	0.942	0.058
2	1185518	0.96	0.04
2	1186130	0.86	0.14
2	1186140	0.44	0.56
2	1186306	0.92	0.08
2	1188137	0.801	0.199
2	1188212	0.817	0.183
2	1188308	0.95	0.05
2	1189886	0.911	0.089
2	1189975	0.089	0.911
2	1190390	0.897	0.103
2	1190618	0.898	0.102
2	1191312	0.939	0.061
2	1191316	0.825	0.175
2	1191528	0.1	0.9
2	1191912	0.973	0.027
2	1192142	0.544	0.456
2	1192183	0.323	0.677
2	1192322	0.603	0.397
2	1192357	0.973	0.027
2	1192471	0.804	0.196
2	1192574	0.958	0.042
2	1192882	0.752	0.248
2	1193685	0.955	0.045
2	1193886	0.63	0.37
2	1196839	0.987	0.013
2	1196879	0.607	0.393
2	1197223	0.773	0.227
2	1198527	0.688	0.312
2	1199517	0.875	0.125
2	1200181	0.561	0.439
2	1201052	0.301	0.699
2	1201262	0.959	0.041
2	1201573	0.729	0.271
2	1201733	0.913	0.087
2	1201898	0.742	0.258
2	1203638	0.929	0.071
2	1204248	0.216	0.784
2	1204300	0.487	0.513
2	1206743	0.594	0.406
2	1207342	0.268	0.732
2	1208319	0.988	0.012
2	1209150	0.662	0.338
2	1209973	0.885	0.115
2	1210673	0.864	0.136
2	1210815	0.98	0.02
2	1211981	0.583	0.417
2	1212300	0.945	0.055
2	1213283	0.811	0.189
2	1214048	0.905	0.095
2	1214399	0.424	0.576
2	1215498	0.634	0.366
2	1215634	0.061	0.939
2	1216549	0.982	0.018
2	1217217	0.605	0.395
2	1217774	0.255	0.745
2	1219760	0.893	0.107
2	1220844	0.53	0.47
2	1220918	0.299	0.701
2	1223143	0.579	0.421
2	1223213	0.28	0.72
2	1223917	0.962	0.038
2	1224043	0.964	0.036
2	1224464	0.195	0.805
2	1224927	0.797	0.203
2	1225582	0.978	0.022
2	1225610	0.987	0.013
2	1225818	0.99	0.01
2	1225846	0.987	0.013
2	1226855	0.768	0.232
2	1227585	0.953	0.047
2	1227728	0.975	0.025
2	1227865	0.974	0.026
2	1229219	0.584	0.416
2	1229324	0.696	0.304
2	1229488	0.102	0.898
2	1229525	0.102	0.898
2	1229824	0.97	0.03
2	1231452	0.71	0.29
2	1231975	0.312	0.688
2	1232142	0.81	0.19
2	1233908	0.96	0.04
2	1234549	0.499	0.501
2	1235002	0.909	0.091
2	1235506	0.895	0.105
2	1236230	0.944	0.056
2	1236537	0.987	0.013
2	1237701	0.749	0.251
2	1237843	0.759	0.241
2	1238011	0.939	0.061
2	1238065	0.965	0.035
2	1238354	0.989	0.011
2	1239480	0.943	0.057
2	1239883	0.752	0.248
2	1240296	0.926	0.074
2	1240354	0.691	0.309
2	1240417	0.913	0.087
2	1241039	0.511	0.489
2	1241059	0.881	0.119
2	1241616	0.843	0.157
2	1243369	0.937	0.063
2	1243862	0.977	0.023
2	1244191	0.58	0.42
2	1244421	0.594	0.406
2	1244705	0.971	0.029
2	1244782	0.758	0.242
2	1245307	0.973	0.027
2	1245308	0.973	0.027
2	1245427	0.83	0.17
2	1247118	0.413	0.587
2	1247874	0.987	0.013
2	1248127	0.975	0.025
2	1248682	0.881	0.119
2	1250569	0.937	0.063
2	1251836	0.899	0.101
2	1252070	0.96	0.04
2	1252432	0.9	0.1
2	1253760	0.836	0.164
2	1253930	0.913	0.087
2	1253997	0.978	0.022
2	1254770	0.561	0.439
2	1255086	0.838	0.162
2	1255179	0.963	0.037
2	1255431	0.658	0.342
2	1256083	0.241	0.759
2	1256427	0.894	0.106
2	1256536	0.727	0.273
2	1257636	0.977	0.023
2	1257889	0.742	0.258
2	1258833	0.458	0.542
2	1259165	0.925	0.075
2	1259781	0.958	0.042
2	1260808	0.971	0.029
2	1261126	0.974	0.026
2	1262356	0.961	0.039
2	1262405	0.979	0.021
2	1264136	0.971	0.029
2	1264605	0.901	0.099
2	1266920	0.957	0.043
2	1267303	0.95	0.05
2	1267540	0.46	0.54
2	1267555	0.615	0.385
2	1267869	0.99	0.01
2	1268095	0.874	0.126
2	1269460	0.955	0.045
2	1271793	0.852	0.148
2	1272325	0.905	0.095
2	1272367	0.449	0.551
2	1273701	0.972	0.028
2	1273902	0.952	0.048
2	1273977	0.972	0.028
2	1274799	0.708	0.292
2	1274867	0.746	0.254
2	1275306	0.987	0.013
2	1279272	0.863	0.137
2	1279622	0.888	0.112
2	1279653	0.913	0.087
2	1279971	0.226	0.774
2	1280118	0.509	0.491
2	1280155	0.955	0.045
2	1280584	0.465	0.535
2	1280627	0.499	0.501
2	1281048	0.923	0.077
2	1281434	0.712	0.288
2	1281630	0.974	0.026
2	1281697	0.897	0.103
2	1282458	0.96	0.04
2	1282793	0.488	0.512
2	1283821	0.965	0.035
2	1284907	0.832	0.168
2	1286123	0.99	0.01
2	1286722	0.604	0.396
2	1286755	0.432	0.568
2	1287151	0.719	0.281
2	1287188	0.789	0.211
2	1287210	0.833	0.167
2	1287389	0.921	0.079
2	1287641	0.971	0.029
2	1289658	0.788	0.212
2	1289677	0.976	0.024
2	1289892	0.823	0.177
2	1290308	0.679	0.321
2	1291659	0.961	0.039
2	1293028	0.971	0.029
2	1293660	0.633	0.367
2	1294586	0.968	0.032
2	1296794	0.953	0.047
2	1297536	0.571	0.429
2	1297943	0.832	0.168
2	1298209	0.964	0.036
2	1299473	0.979	0.021
2	1299699	0.856	0.144
2	1300602	0.756	0.244
2	1300620	0.965	0.035
2	1301673	0.122	0.878
2	1301756	0.859	0.141
2	1302865	0.884	0.116
2	1302878	0.968	0.032
2	1304287	0.705	0.295
2	1305121	0.447	0.553
2	1305260	0.865	0.135
2	1305393	0.966	0.034
2	1305474	0.701	0.299
2	1305749	0.31	0.69
2	1305867	0.914	0.086
2	1307187	0.967	0.033
2	1307573	0.494	0.506
2	1308594	0.598	0.402
2	1310058	0.984	0.016
2	1310398	0.75	0.25
2	1310866	0.215	0.785
2	1310894	0.968	0.032
2	1311217	0.965	0.035
2	1311577	0.842	0.158
2	1311981	0.978	0.022
2	1313055	0.949	0.051
2	1313395	0.607	0.393
2	1313710	0.04	0.96
2	1314465	0.744	0.256
2	1314820	0.829	0.171
2	1315523	0.904	0.096
2	1316101	0.915	0.085
2	1317075	0.99	0.01
2	1317598	0.977	0.023
2	1318654	0.431	0.569
2	1319652	0.962	0.038
2	1321543	0.067	0.933
2	1322110	0.805	0.195
2	1322135	0.966	0.034
2	1322971	0.902	0.098
2	1324201	0.947	0.053
2	1324414	0.971	0.029
2	1325090	0.54	0.46
2	1325193	0.85	0.15
2	1325224	0.15	0.85
2	1325805	0.787	0.213
2	1326806	0.982	0.018
2	1328365	0.766	0.234
2	1329723	0.968	0.032
2	1330160	0.976	0.024
2	1330811	0.973	0.027
2	1331252	0.921	0.079
2	1331269	0.709	0.291
2	1331402	0.531	0.469
2	1331474	0.99	0.01
2	1332426	0.842	0.158
2	1333167	0.969	0.031
2	1334060	0.83	0.17
2	1334759	0.922	0.078
2	1334950	0.897	0.103
2	1335828	0.723	0.277
2	1336430	0.871	0.129
2	1336947	0.932	0.068
2	1338100	0.968	0.032
2	1338786	0.95	0.05
2	1338799	0.817	0.183
2	1338951	0.94	0.06
2	1339589	0.976	0.024
2	1339924	0.245	0.755
2	1340761	0.266	0.734
2	1342541	0.987	0.013
2	1342957	0.881	0.119
2	1342996	0.982	0.018
2	1344209	0.876	0.124
2	1344312	0.92	0.08
2	1344386	0.846	0.154
2	1344703	0.946	0.054
2	1344974	0.709	0.291
2	1345256	0.938	0.062
2	1345803	0.914	0.086
2	1347804	0.691	0.309
2	1347818	0.941	0.059
2	1348649	0.961	0.039
2	1349249	0.875	0.125
2	1349294	0.12	0.88
2	1349621	0.902	0.098
2	1349628	0.927	0.073
2	1349653	0.967	0.033
2	1349965	0.697	0.303
2	1350419	0.069	0.931
2	1350622	0.905	0.095
2	1351519	0.782	0.218
2	1351685	0.501	0.499
2	1351759	0.978	0.022
2	1352480	0.781	0.219
2	1352481	0.752	0.248
2	1353739	0.269	0.731
2	1354429	0.892	0.108
2	1354445	0.986	0.014
2	1358354	0.975	0.025
2	1358520	0.969	0.031
2	1359094	0.824	0.176
2	1360763	0.892	0.108
2	1360775	0.088	0.912
2	1360903	0.25	0.75
2	1361126	0.967	0.033
2	1361689	0.84	0.16
2	1361912	0.669	0.331
2	1362305	0.984	0.016
2	1363687	0.68	0.32
2	1365161	0.876	0.124
2	1365289	0.65	0.35
2	1366907	0.973	0.027
2	1367061	0.891	0.109
2	1367852	0.226	0.774
2	1369608	0.558	0.442
2	1370207	0.967	0.033
2	1370272	0.881	0.119
2	1370573	0.846	0.154
2	1372165	0.966	0.034
2	1374136	0.878	0.122
2	1374510	0.862	0.138
2	1375812	0.309	0.691
2	1376484	0.769	0.231
2	1378186	0.976	0.024
2	1378781	0.976	0.024
2	1379161	0.93	0.07
2	1379657	0.967	0.033
2	1379709	0.172	0.828
2	1379899	0.99	0.01
2	1380838	0.985	0.015
2	1381978	0.923	0.077
2	1382156	0.687	0.313
2	1382265	0.933	0.067
2	1382521	0.672	0.328
2	1382618	0.328	0.672
2	1382730	0.553	0.447
2	1383877	0.656	0.344
2	1384617	0.73	0.27
2	1385245	0.988	0.012
2	1385341	0.984	0.016
2	1385368	0.819	0.181
2	1385369	0.942	0.058
2	1386301	0.827	0.173
2	1386325	0.953	0.047
2	1386651	0.245	0.755
2	1387295	0.983	0.017
2	1391708	0.791	0.209
2	1392350	0.251	0.749
2	1393231	0.98	0.02
2	1393285	0.968	0.032
2	1394041	0.948	0.052
2	1394722	0.979	0.021
2	1396453	0.928	0.072
2	1396665	0.987	0.013
2	1397371	0.97	0.03
2	1397474	0.986	0.014
2	1398632	0.845	0.155
2	1399078	0.973	0.027
2	1399349	0.988	0.012
2	1399792	0.8	0.2
2	1400462	0.898	0.102
2	1401031	0.913	0.087
2	1401396	0.88	0.12
2	1401753	0.959	0.041
2	1402036	0.971	0.029
2	1402074	0.612	0.388
2	1402865	0.94	0.06
2	1403964	0.5	0.5
2	1404597	0.922	0.078
2	1406026	0.27	0.73
2	1406197	0.922	0.078
2	1406298	0.303	0.697
2	1407232	0.987	0.013
2	1407460	0.469	0.531
2	1407589	0.983	0.017
2	1408033	0.92	0.08
2	1408586	0.952	0.048
2	1408648	0.776	0.224
2	1408851	0.965	0.035
2	1409529	0.056	0.944
2	1410469	0.929	0.071
2	1411660	0.901	0.099
2	1411858	0.674	0.326
2	1413705	0.989	0.011
2	1413852	0.735	0.265
2	1414022	0.858	0.142
2	1414300	0.987	0.013
2	1414534	0.494	0.506
2	1414764	0.941	0.059
2	1415173	0.893	0.107
2	1415841	0.987	0.013
2	1416352	0.64	0.36
2	1416377	0.956	0.044
2	1416828	0.988	0.012
2	1417114	0.966	0.034
2	1417893	0.829	0.171
2	1418090	0.731	0.269
2	1418586	0.711	0.289
2	1418715	0.955	0.045
2	1418852	0.921	0.079
2	1419139	0.945	0.055
2	1419311	0.694	0.306
2	1419350	0.976	0.024
2	1420704	0.749	0.251
2	1421135	0.964	0.036
2	1421426	0.562	0.438
2	1421607	0.938	0.062
2	1422722	0.953	0.047
2	1423627	0.987	0.013
2	1423733	0.974	0.026
2	1426067	0.059	0.941
2	1426121	0.755	0.245
2	1426445	0.94	0.06
2	1426958	0.046	0.954
2	1427229	0.65	0.35
2	1428175	0.684	0.316
2	1428442	0.987	0.013
2	1428926	0.187	0.813
2	1428975	0.904	0.096
2	1429053	0.745	0.255
2	1430535	0.979	0.021
2	1431781	0.494	0.506
2	1431906	0.987	0.013
2	1432068	0.761	0.239
2	1432146	0.973	0.027
2	1432605	0.784	0.216
2	1432688	0.849	0.151
2	1433636	0.729	0.271
2	1433641	0.97	0.03
2	1433701	0.972	0.028
2	1434180	0.979	0.021
2	1434753	0.438	0.562
2	1435329	0.485	0.515
2	1436459	0.85	0.15
2	1436858	0.804	0.196
2	1437125	0.99	0.01
2	1437221	0.544	0.456
2	1437966	0.642	0.358
2	1438555	0.976	0.024
2	1439098	0.851	0.149
2	1440612	0.83	0.17
2	1441764	0.742	0.258
2	1442057	0.982	0.018
2	1443103	0.906	0.094
2	1443252	0.223	0.777
2	1444346	0.955	0.045
2	1444652	0.245	0.755
2	1445217	0.827	0.173
2	1445580	0.935	0.065
2	1445779	0.769	0.231
2	1445942	0.919	0.081
2	1446232	0.989	0.011
2	1446929	0.887	0.113
2	1448059	0.965	0.035
2	1448254	0.631	0.369
2	1448429	0.857	0.143
2	1448599	0.749	0.251
2	1448881	0.946	0.054
2	1448993	0.942	0.058
2	1449077	0.98	0.02
2	1449222	0.984	0.016
2	1450175	0.97	0.03
2	1450890	0.542	0.458
2	1450995	0.812	0.188
2	1451412	0.951	0.049
2	1453727	0.975	0.025
2	1454413	0.02	0.98
2	1454846	0.589	0.411
2	1455414	0.171	0.829
2	1456819	0.698	0.302
2	1457316	0.917	0.083
2	1457650	0.973	0.027
2	1457783	0.982	0.018
2	1458061	0.243	0.757
2	1458923	0.3	0.7
2	1459016	0.977	0.023
2	1459646	0.986	0.014
2	1459892	0.958	0.042
2	1460402	0.956	0.044
2	1460859	0.247	0.753
2	1461515	0.955	0.045
2	1461923	0.947	0.053
2	1463780	0.964	0.036
2	1464978	0.942	0.058
2	1465054	0.656	0.344
2	1465284	0.884	0.116
2	1465532	0.873	0.127
2	1465988	0.961	0.039
2	1466759	0.497	0.503
2	1467001	0.596	0.404
2	1467245	0.928	0.072
2	1467300	0.604	0.396
2	1467793	0.908	0.092
2	1468159	0.969	0.031
2	1468204	0.983	0.017
2	1468672	0.984	0.016
2	1468826	0.951	0.049
2	1469971	0.879	0.121
2	1470901	0.837	0.163
2	1472723	0.698	0.302
2	1473142	0.635	0.365
2	1474809	0.472	0.528
2	1475198	0.95	0.05
2	1475221	0.875	0.125
2	1475879	0.832	0.168
2	1478130	0.565	0.435
2	1478527	0.867	0.133
2	1479389	0.852	0.148
2	1479579	0.122	0.878
2	1479888	0.94	0.06
2	1480120	0.947	0.053
2	1480138	0.779	0.221
2	1480289	0.769	0.231
2	1480485	0.739	0.261
2	1480519	0.93	0.07
2	1481493	0.644	0.356
2	1481917	0.626	0.374
2	1482000	0.875	0.125
2	1482452	0.928	0.072
2	1482480	0.969	0.031
2	1482582	0.886	0.114
2	1483053	0.94	0.06
2	1483623	0.132	0.868
2	1484431	0.988	0.012
2	1484738	0.272	0.728
2	1485097	0.966	0.034
2	1486999	0.866	0.134
2	1488345	0.967	0.033
2	1488859	0.722	0.278
2	1489761	0.863	0.137
2	1489961	0.201	0.799
2	1490241	0.943	0.057
2	1490521	0.955	0.045
2	1491196	0.989	0.011
2	1491736	0.767	0.233
2	1492309	0.751	0.249
2	1492836	0.977	0.023
2	1494267	0.972	0.028
2	1495486	0.952	0.048
2	1496597	0.845	0.155
2	1496749	0.989	0.011
2	1498004	0.838	0.162
2	1498150	0.493	0.507
2	1498385	0.897	0.103
2	1498416	0.567	0.433
2	1498797	0.984	0.016
2	1498977	0.935	0.065
2	1499406	0.836	0.164
