1	1126	0.624	0.376
1	1418	0.697	0.303
1	2555	0.888	0.112
1	3316	0.255	0.745
1	4435	0.865	0.135
1	4728	0.968	0.032
1	4822	0.821	0.179
1	6116	0.339	0.661
1	6284	0.951	0.049
1	6930	0.759	0.241
1	7161	0.973	0.027
1	7579	0.822	0.178
1	8326	0.674	0.326
1	8356	0.659	0.341
1	9360	0.637	0.363
1	9363	0.671	0.329
1	9742	0.974	0.026
1	10017	0.436	0.564
1	10370	0.536	0.464
1	11367	0.673	0.327
1	11471	0.925	0.075
1	11609	0.971	0.029
1	12008	0.97	0.03
1	13245	0.902	0.098
1	13506	0.914	0.086
1	14696	0.883	0.117
1	17768	0.918	0.082
1	17925	0.96	0.04
1	18655	0.844	0.156
1	19851	0.573	0.427
1	21180	0.905	0.095
1	21405	0.98	0.02
1	22328	0.869	0.131
1	22473	0.99	0.01
1	23360	0.501	0.499
1	23576	0.674	0.326
1	23614	0.101	0.899
1	23728	0.909	0.091
1	23763	0.053	0.947
1	23769	0.938	0.062
1	24834	0.927	0.073
1	25091	0.851	0.149
1	25215	0.948	0.052
1	25549	0.927	0.073
1	26491	0.964	0.036
1	28051	0.947	0.053
1	28539	0.957	0.043
1	29278	0.981	0.019
1	30307	0.654	0.346
1	30443	0.99	0.01
1	30657	0.841	0.159
1	30743	0.966	0.034
1	30865	0.859	0.141
1	31158	0.951	0.049
1	32264	0.981	0.019
1	32449	0.956	0.044
1	33373	0.964	0.036
1	34014	0.65	0.35
1	35044	0.915	0.085
1	36218	0.772	0.228
1	37083	0.982	0.018
1	37670	0.879	0.121
1	38072	0.971	0.029
1	38181	0.829	0.171
1	39963	0.801	0.199
1	40101	0.304	0.696
1	40403	0.942	0.058
1	40405	0.914	0.086
1	40605	0.403	0.597
1	41091	0.938	0.062
1	41928	0.962	0.038
1	42127	0.752	0.248
1	42620	0.754	0.246
1	42654	0.754	0.246
1	43183	0.778	0.222
1	43471	0.933	0.067
1	44401	0.924	0.076
1	45183	0.826	0.174
1	45627	0.867	0.133
1	45651	0.206	0.794
1	45700	0.04	0.96
1	45736	0.969	0.031
1	46457	0.971	0.029
1	47785	0.974	0.026
1	48777	0.988	0.012
1	50634	0.913	0.087
1	52050	0.952	0.048
1	52533	0.642	0.358
1	52603	0.977	0.023
1	53938	0.987	0.013
1	54101	0.553	0.447
1	54404	0.966	0.034
1	54544	0.943	0.057
1	54711	0.987	0.013
1	54962	0.669	0.331
1	55261	0.815	0.185
1	55999	0.693	0.307
1	56466	0.075	0.925
1	56655	0.588	0.412
1	57125	0.989	0.011
1	57808	0.842	0.158
1	58031	0.907	0.093
1	58157	0.861	0.139
1	58555	0.986	0.014
1	58605	0.253	0.747
1	58726	0.894	0.106
1	59076	0.905	0.095
1	60977	0.639	0.361
1	61590	0.987	0.013
1	61665	0.71	0.29
1	62134	0.954	0.046
1	62308	0.901	0.099
1	62582	0.841	0.159
1	62602	0.651	0.349
1	63614	0.744	0.256
1	63739	0.897	0.103
1	64789	0.629	0.371
1	65720	0.958	0.042
1	65756	0.962	0.038
1	66153	0.976	0.024
1	67233	0.71	0.29
1	68029	0.939	0.061
1	68791	0.96	0.04
1	69100	0.87	0.13
1	69517	0.288	0.712
1	69988	0.988	0.012
1	70117	0.962	0.038
1	70418	0.957	0.043
1	71125	0.9	0.1
1	71732	0.533	0.467
1	71899	0.749	0.251
1	72658	0.879	0.121
1	73834	0.8	0.2
1	74103	0.94	0.06
1	74528	0.716	0.284
1	74568	0.948	0.052
1	75406	0.99	0.01
1	76306	0.803	0.197
1	77251	0.985	0.015
1	77741	0.135	0.865
1	78138	0.984	0.016
1	78767	0.816	0.184
1	79514	0.421	0.579
1	82318	0.952	0.048
1	82350	0.614	0.386
1	84101	0.773	0.227
1	84373	0.181	0.819
1	85257	0.939	0.061
1	86207	0.571	0.429
1	89306	0.72	0.28
1	89739	0.957	0.043
1	91371	0.952	0.048
1	91399	0.828	0.172
1	91622	0.923	0.077
1	92252	0.961	0.039
1	92695	0.98	0.02
1	93318	0.723	0.277
1	93532	0.793	0.207
1	93670	0.857	0.143
1	94209	0.299	0.701
1	94466	0.427	0.573
1	95701	0.291	0.709
1	96147	0.519	0.481
1	96217	0.965	0.035
1	96480	0.985	0.015
1	96704	0.851	0.149
1	97370	0.971	0.029
1	97623	0.743	0.257
1	97664	0.789	0.211
1	97885	0.328	0.672
1	98487	0.669	0.331
1	98817	0.537	0.463
1	98827	0.702	0.298
1	98894	0.86	0.14
1	100373	0.614	0.386
1	100404	0.978	0.022
1	101802	0.985	0.015
1	101902	0.988	0.012
1	102064	0.83	0.17
1	102598	0.797	0.203
1	103048	0.81	0.19
1	103433	0.97	0.03
1	106246	0.608	0.392
1	106662	0.977	0.023
1	107219	0.946	0.054
1	107500	0.954	0.046
1	108520	0.655	0.345
1	108690	0.874	0.126
1	109748	0.931	0.069
1	110096	0.65	0.35
1	110669	0.906	0.094
1	110767	0.962	0.038
1	110989	0.925	0.075
1	111125	0.989	0.011
1	111838	0.513	0.487
1	113087	0.989	0.011
1	113141	0.729	0.271
1	113495	0.393	0.607
1	113757	0.244	0.756
1	114059	0.658	0.342
1	114753	0.271	0.729
1	114912	0.98	0.02
1	115233	0.929	0.071
1	115329	0.834	0.166
1	115662	0.849	0.151
1	115676	0.134	0.866
1	116039	0.843	0.157
1	117677	0.806	0.194
1	118584	0.564	0.436
1	118635	0.946	0.054
1	118877	0.98	0.02
1	119032	0.967	0.033
1	119039	0.985	0.015
1	119569	0.622	0.378
1	119810	0.283	0.717
1	120911	0.808	0.192
1	121557	0.539	0.461
1	122510	0.136	0.864
1	122774	0.814	0.186
1	122802	0.97	0.03
1	122982	0.444	0.556
1	122992	0.946	0.054
1	123156	0.537	0.463
1	124758	0.988	0.012
1	125110	0.865	0.135
1	125820	0.872	0.128
1	127231	0.569	0.431
1	127255	0.965	0.035
1	127336	0.583	0.417
1	127685	0.857	0.143
1	127854	0.37	0.63
1	128043	0.426	0.574
1	128227	0.866	0.134
1	128481	0.658	0.342
1	128675	0.653	0.347
1	128924	0.575	0.425
1	128947	0.989	0.011
1	128984	0.918	0.082
1	129017	0.965	0.035
1	129777	0.325	0.675
1	130123	0.948	0.052
1	130580	0.967	0.033
1	130699	0.858	0.142
1	130725	0.871	0.129
1	130863	0.961	0.039
1	131458	0.961	0.039
1	131663	0.774	0.226
1	132046	0.485	0.515
1	132125	0.65	0.35
1	132491	0.768	0.232
1	132841	0.733	0.267
1	132972	0.941	0.059
1	134998	0.239	0.761
1	135659	0.162	0.838
1	135936	0.967	0.033
1	135995	0.815	0.185
1	136030	0.12	0.88
1	136082	0.795	0.205
1	136181	0.987	0.013
1	136213	0.912	0.088
1	137476	0.986	0.014
1	138344	0.969	0.031
1	139022	0.897	0.103
1	139636	0.966	0.034
1	139637	0.807	0.193
1	140982	0.198	0.802
1	141022	0.961	0.039
1	141049	0.826	0.174
1	141212	0.964	0.036
1	141433	0.759	0.241
1	142111	0.973	0.027
1	142612	0.725	0.275
1	142651	0.974	0.026
1	143430	0.99	0.01
1	143855	0.671	0.329
1	147588	0.912	0.088
1	150076	0.237	0.763
1	150380	0.603	0.397
1	151243	0.971	0.029
1	151998	0.866	0.134
1	152328	0.583	0.417
1	152530	0.959	0.041
1	152958	0.978	0.022
1	153050	0.864	0.136
1	153311	0.931	0.069
1	154049	0.989	0.011
1	154492	0.967	0.033
1	154512	0.859	0.141
1	154685	0.91	0.09
1	155117	0.961	0.039
1	155228	0.928	0.072
1	155397	0.838	0.162
1	156365	0.327	0.673
1	156828	0.463	0.537
1	157369	0.582	0.418
1	157502	0.956	0.044
1	158074	0.973	0.027
1	158606	0.869	0.131
1	159850	0.872	0.128
1	160757	0.988	0.012
1	160923	0.71	0.29
1	162600	0.417	0.583
1	162884	0.355	0.645
1	163458	0.989	0.011
1	165197	0.904	0.096
1	165251	0.795	0.205
1	167340	0.916	0.084
1	167627	0.721	0.279
1	168403	0.903	0.097
1	168816	0.757	0.243
1	168992	0.921	0.079
1	170289	0.944	0.056
1	172947	0.911	0.089
1	173555	0.896	0.104
1	174302	0.326	0.674
1	174331	0.928	0.072
1	174647	0.936	0.064
1	176011	0.423	0.577
1	176567	0.964	0.036
1	177033	0.977	0.023
1	177383	0.683	0.317
1	179433	0.626	0.374
1	179526	0.645	0.355
1	181023	0.447	0.553
1	181763	0.49	0.51
1	182841	0.98	0.02
1	183098	0.2	0.8
1	183115	0.958	0.042
1	183711	0.374	0.626
1	183805	0.915	0.085
1	184719	0.359	0.641
1	185085	0.66	0.34
1	186040	0.425	0.575
1	186071	0.946	0.054
1	186298	0.869	0.131
1	187023	0.761	0.239
1	187900	0.863	0.137
1	188000	0.901	0.099
1	189187	0.976	0.024
1	189544	0.849	0.151
1	190785	0.982	0.018
1	191328	0.311	0.689
1	191747	0.827	0.173
1	192033	0.927	0.073
1	192959	0.942	0.058
1	194423	0.979	0.021
1	194480	0.961	0.039
1	194848	0.408	0.592
1	195866	0.955	0.045
1	196022	0.768	0.232
1	197587	0.855	0.145
1	197625	0.907	0.093
1	197639	0.933	0.067
1	197907	0.945	0.055
1	198390	0.213	0.787
1	198751	0.874	0.126
1	198754	0.929	0.071
1	198806	0.957	0.043
1	200905	0.833	0.167
1	202498	0.864	0.136
1	202720	0.958	0.042
1	202791	0.246	0.754
1	204064	0.959	0.041
1	204410	0.896	0.104
1	204946	0.972	0.028
1	205220	0.895	0.105
1	207943	0.808	0.192
1	208086	0.96	0.04
1	208258	0.944	0.056
1	210735	0.152	0.848
1	210801	0.483	0.517
1	211226	0.984	0.016
1	212800	0.954	0.046
1	213376	0.905	0.095
1	213955	0.01	0.99
1	214192	0.887	0.113
1	214915	0.983	0.017
1	215007	0.821	0.179
1	215390	0.728	0.272
1	215431	0.795	0.205
1	215616	0.711	0.289
1	215733	0.876	0.124
1	219971	0.964	0.036
1	220982	0.953	0.047
1	221534	0.71	0.29
1	222366	0.956	0.044
1	222631	0.566	0.434
1	223551	0.682	0.318
1	224246	0.868	0.132
1	226387	0.977	0.023
1	226698	0.658	0.342
1	227081	0.976	0.024
1	227343	0.857	0.143
1	227454	0.956	0.044
1	227700	0.046	0.954
1	228862	0.924	0.076
1	228929	0.488	0.512
1	229414	0.934	0.066
1	229685	0.972	0.028
1	231028	0.888	0.112
1	231843	0.824	0.176
1	232233	0.823	0.177
1	232898	0.973	0.027
1	233451	0.624	0.376
1	233463	0.624	0.376
1	234510	0.944	0.056
1	234849	0.109	0.891
1	234915	0.891	0.109
1	235662	0.738	0.262
1	236130	0.349	0.651
1	237763	0.477	0.523
1	238060	0.01	0.99
1	238075	0.459	0.541
1	238815	0.923	0.077
1	238919	0.691	0.309
1	239624	0.964	0.036
1	240306	0.79	0.21
1	241747	0.961	0.039
1	241750	0.978	0.022
1	242374	0.939	0.061
1	242904	0.95	0.05
1	243763	0.926	0.074
1	244774	0.9	0.1
1	245130	0.319	0.681
1	245351	0.548	0.452
1	246267	0.717	0.283
1	247197	0.987	0.013
1	247471	0.07	0.93
1	248168	0.928	0.072
1	248982	0.307	0.693
1	249189	0.756	0.244
1	249473	0.457	0.543
1	249490	0.542	0.458
1	250163	0.854	0.146
1	251178	0.608	0.392
1	251482	0.968	0.032
1	253117	0.898	0.102
1	253304	0.096	0.904
1	253561	0.97	0.03
1	254865	0.933	0.067
1	255490	0.815	0.185
1	256277	0.781	0.219
1	256384	0.942	0.058
1	258441	0.463	0.537
1	258608	0.986	0.014
1	259711	0.947	0.053
1	260252	0.136	0.864
1	260846	0.973	0.027
1	263693	0.837	0.163
1	264662	0.759	0.241
1	265231	0.817	0.183
1	265576	0.892	0.108
1	265587	0.899	0.101
1	266702	0.912	0.088
1	267717	0.906	0.094
1	268436	0.762	0.238
1	268565	0.989	0.011
1	268585	0.732	0.268
1	268922	0.932	0.068
1	270746	0.979	0.021
1	272338	0.973	0.027
1	274088	0.865	0.135
1	274890	0.918	0.082
1	274925	0.917	0.083
1	275022	0.9	0.1
1	277164	0.79	0.21
1	277185	0.79	0.21
1	277229	0.858	0.142
1	277388	0.978	0.022
1	277620	0.243	0.757
1	278615	0.822	0.178
1	278817	0.985	0.015
1	278948	0.854	0.146
1	280367	0.965	0.035
1	281020	0.881	0.119
1	281135	0.748	0.252
1	281334	0.821	0.179
1	281735	0.265	0.735
1	284031	0.605	0.395
1	284040	0.933	0.067
1	284946	0.98	0.02
1	284976	0.858	0.142
1	287340	0.964	0.036
1	287351	0.661	0.339
1	289984	0.73	0.27
1	290543	0.897	0.103
1	294171	0.323	0.677
1	295561	0.245	0.755
1	295649	0.072	0.928
1	296793	0.804	0.196
1	297078	0.955	0.045
1	298488	0.601	0.399
1	298605	0.955	0.045
1	299266	0.179	0.821
1	299428	0.879	0.121
1	299461	0.91	0.09
1	299512	0.848	0.152
1	299949	0.593	0.407
1	301504	0.879	0.121
1	301977	0.946	0.054
1	302177	0.923	0.077
1	303684	0.956	0.044
1	304746	0.776	0.224
1	304973	0.359	0.641
1	305079	0.444	0.556
1	306390	0.93	0.07
1	306510	0.759	0.241
1	306545	0.988	0.012
1	306875	0.425	0.575
1	308877	0.965	0.035
1	309048	0.586	0.414
1	309508	0.981	0.019
1	309732	0.926	0.074
1	309798	0.847	0.153
1	310530	0.537	0.463
1	311005	0.848	0.152
1	311456	0.888	0.112
1	311533	0.909	0.091
1	311682	0.905	0.095
1	312151	0.958	0.042
1	313399	0.97	0.03
1	313581	0.987	0.013
1	313667	0.691	0.309
1	314044	0.965	0.035
1	315080	0.838	0.162
1	316619	0.824	0.176
1	316983	0.904	0.096
1	317295	0.942	0.058
1	317755	0.983	0.017
1	318739	0.983	0.017
1	319104	0.868	0.132
1	319364	0.623	0.377
1	320001	0.949	0.051
1	320153	0.154	0.846
1	320643	0.979	0.021
1	321190	0.765	0.235
1	321387	0.799	0.201
1	321604	0.124	0.876
1	322008	0.487	0.513
1	323687	0.958	0.042
1	324274	0.856	0.144
1	324803	0.247	0.753
1	324816	0.975	0.025
1	325789	0.777	0.223
1	325992	0.965	0.035
1	326134	0.844	0.156
1	326306	0.686	0.314
1	326626	0.988	0.012
1	328067	0.97	0.03
1	328179	0.921	0.079
1	328523	0.951	0.049
1	329465	0.388	0.612
1	329992	0.75	0.25
1	330685	0.191	0.809
1	332650	0.988	0.012
1	333551	0.807	0.193
1	333770	0.969	0.031
1	334054	0.91	0.09
1	335693	0.982	0.018
1	336695	0.586	0.414
1	337521	0.179	0.821
1	338522	0.96	0.04
1	339396	0.975	0.025
1	340108	0.462	0.538
1	341197	0.885	0.115
1	342070	0.441	0.559
1	342738	0.45	0.55
1	343554	0.943	0.057
1	344004	0.833	0.167
1	344421	0.982	0.018
1	345006	0.922	0.078
1	345808	0.928	0.072
1	346926	0.927	0.073
1	346977	0.987	0.013
1	347178	0.911	0.089
1	347706	0.989	0.011
1	348340	0.977	0.023
1	349906	0.894	0.106
1	350214	0.975	0.025
1	350467	0.969	0.031
1	351269	0.349	0.651
1	352029	0.769	0.231
1	352646	0.982	0.018
1	352663	0.28	0.72
1	352797	0.702	0.298
1	352872	0.98	0.02
1	353006	0.92	0.08
1	353546	0.756	0.244
1	354340	0.701	0.299
1	354821	0.974	0.026
1	355107	0.898	0.102
1	357459	0.838	0.162
1	359040	0.301	0.699
1	359451	0.551	0.449
1	359539	0.925	0.075
1	360683	0.804	0.196
1	360969	0.861	0.139
1	361234	0.93	0.07
1	361256	0.235	0.765
1	361558	0.88	0.12
1	362103	0.984	0.016
1	362266	0.873	0.127
1	362787	0.878	0.122
1	362805	0.97	0.03
1	364732	0.83	0.17
1	364842	0.935	0.065
1	364988	0.989	0.011
1	365218	0.939	0.061
1	365340	0.916	0.084
1	365575	0.989	0.011
1	366192	0.815	0.185
1	366529	0.97	0.03
1	366640	0.977	0.023
1	366800	0.081	0.919
1	367272	0.961	0.039
1	367968	0.973	0.027
1	368680	0.983	0.017
1	369622	0.241	0.759
1	369709	0.809	0.191
1	369806	0.645	0.355
1	370522	0.859	0.141
1	371244	0.943	0.057
1	371296	0.849	0.151
1	371342	0.233	0.767
1	372363	0.788	0.212
1	373473	0.216	0.784
1	373786	0.428	0.572
1	374005	0.9	0.1
1	374041	0.974	0.026
1	374980	0.923	0.077
1	376177	0.603	0.397
1	376187	0.689	0.311
1	376405	0.909	0.091
1	376608	0.909	0.091
1	376849	0.974	0.026
1	377561	0.974	0.026
1	379550	0.642	0.358
1	380217	0.668	0.332
1	380260	0.383	0.617
1	380710	0.624	0.376
1	381705	0.948	0.052
1	381784	0.369	0.631
1	382079	0.475	0.525
1	382351	0.971	0.029
1	383474	0.031	0.969
1	383546	0.798	0.202
1	383835	0.973	0.027
1	383857	0.889	0.111
1	386304	0.801	0.199
1	386626	0.452	0.548
1	386975	0.877	0.123
1	387986	0.161	0.839
1	388259	0.623	0.377
1	388261	0.539	0.461
1	388618	0.844	0.156
1	388695	0.978	0.022
1	388942	0.526	0.474
1	389955	0.88	0.12
1	390027	0.989	0.011
1	390064	0.854	0.146
1	391009	0.816	0.184
1	392475	0.954	0.046
1	392666	0.511	0.489
1	392810	0.99	0.01
1	393346	0.981	0.019
1	393731	0.39	0.61
1	394083	0.984	0.016
1	395672	0.708	0.292
1	395876	0.974	0.026
1	398048	0.851	0.149
1	399212	0.978	0.022
1	399497	0.931	0.069
1	399706	0.946	0.054
1	400140	0.832	0.168
1	402821	0.821	0.179
1	403461	0.968	0.032
1	403487	0.882	0.118
1	403492	0.948	0.052
1	403539	0.989	0.011
1	404985	0.846	0.154
1	405269	0.891	0.109
1	405285	0.891	0.109
1	406806	0.78	0.22
1	407102	0.981	0.019
1	407234	0.314	0.686
1	409162	0.71	0.29
1	409883	0.86	0.14
1	411889	0.903	0.097
1	411949	0.567	0.433
1	412266	0.865	0.135
1	412603	0.818	0.182
1	412608	0.182	0.818
1	413027	0.934	0.066
1	413121	0.479	0.521
1	414793	0.179	0.821
1	414958	0.014	0.986
1	415262	0.32	0.68
1	415506	0.984	0.016
1	416280	0.951	0.049
1	417093	0.604	0.396
1	419093	0.983	0.017
1	419991	0.769	0.231
1	423066	0.99	0.01
1	423324	0.47	0.53
1	424419	0.46	0.54
1	424669	0.971	0.029
1	424901	0.77	0.23
1	426863	0.663	0.337
1	430148	0.98	0.02
1	430598	0.894	0.106
1	432404	0.892	0.108
1	432665	0.985	0.015
1	434562	0.938	0.062
1	434972	0.601	0.399
1	435961	0.96	0.04
1	436113	0.933	0.067
1	438096	0.886	0.114
1	438485	0.756	0.244
1	438780	0.271	0.729
1	440205	0.091	0.909
1	443978	0.095	0.905
1	445262	0.592	0.408
1	445614	0.97	0.03
1	445685	0.74	0.26
1	445789	0.988	0.012
1	447056	0.77	0.23
1	447086	0.1	0.9
1	447611	0.837	0.163
1	448538	0.958	0.042
1	448989	0.91	0.09
1	449790	0.857	0.143
1	452491	0.912	0.088
1	452856	0.832	0.168
1	453885	0.88	0.12
1	453914	0.901	0.099
1	454855	0.917	0.083
1	455713	0.558	0.442
1	457082	0.862	0.138
1	459122	0.903	0.097
1	459371	0.984	0.016
1	459583	0.437	0.563
1	461973	0.671	0.329
1	463543	0.985	0.015
1	463742	0.958	0.042
1	464795	0.877	0.123
1	465943	0.638	0.362
1	466406	0.864	0.136
1	467011	0.091	0.909
1	467013	0.909	0.091
1	467210	0.938	0.062
1	467995	0.935	0.065
1	468095	0.959	0.041
1	468892	0.916	0.084
1	470372	0.913	0.087
1	471280	0.984	0.016
1	471827	0.947	0.053
1	472119	0.323	0.677
1	472162	0.322	0.678
1	472215	0.99	0.01
1	473049	0.969	0.031
1	473307	0.96	0.04
1	473628	0.184	0.816
1	474539	0.14	0.86
1	474748	0.894	0.106
1	476184	0.968	0.032
1	476895	0.973	0.027
1	477138	0.149	0.851
1	477910	0.159	0.841
1	478481	0.913	0.087
1	478663	0.875	0.125
1	480404	0.864	0.136
1	480501	0.109	0.891
1	481547	0.761	0.239
1	481618	0.903	0.097
1	482899	0.99	0.01
1	483476	0.036	0.964
1	483742	0.99	0.01
1	483859	0.987	0.013
1	484574	0.184	0.816
1	484789	0.172	0.828
1	484959	0.901	0.099
1	486040	0.872	0.128
1	486279	0.795	0.205
1	486312	0.98	0.02
1	486881	0.192	0.808
1	487310	0.846	0.154
1	487607	0.123	0.877
1	489847	0.888	0.112
1	491328	0.907	0.093
1	491591	0.173	0.827
1	493504	0.823	0.177
1	493543	0.946	0.054
1	493762	0.987	0.013
1	494180	0.982	0.018
1	494869	0.046	0.954
1	494997	0.976	0.024
1	497079	0.014	0.986
1	497350	0.013	0.987
1	497867	0.941	0.059
1	499335	0.059	0.941
1	499809	0.039	0.961
1	500481	0.989	0.011
1	500784	0.06	0.94
1	502482	0.989	0.011
1	503915	0.986	0.014
1	504405	0.024	0.976
1	504958	0.073	0.927
1	505180	0.1	0.9
1	505743	0.961	0.039
1	506473	0.987	0.013
1	507343	0.788	0.212
1	508702	0.984	0.016
1	509255	0.973	0.027
1	509764	0.1	0.9
1	511167	0.703	0.297
1	513508	0.987	0.013
1	514216	0.976	0.024
1	514816	0.976	0.024
1	515132	0.912	0.088
1	515479	0.826	0.174
1	515784	0.71	0.29
1	515909	0.836	0.164
1	516942	0.953	0.047
1	517022	0.898	0.102
1	517175	0.272	0.728
1	517911	0.856	0.144
1	518573	0.327	0.673
1	518744	0.088	0.912
1	519604	0.768	0.232
1	520648	0.742	0.258
1	520774	0.934	0.066
1	521693	0.454	0.546
1	522395	0.989	0.011
1	523957	0.888	0.112
1	524548	0.984	0.016
1	525899	0.753	0.247
1	525923	0.966	0.034
1	530868	0.517	0.483
1	534473	0.827	0.173
1	534534	0.97	0.03
1	534718	0.972	0.028
1	535113	0.348	0.652
1	535613	0.871	0.129
1	536099	0.984	0.016
1	536793	0.973	0.027
1	536937	0.834	0.166
1	537551	0.922	0.078
1	537712	0.679	0.321
1	538024	0.887	0.113
1	539991	0.813	0.187
1	541610	0.708	0.292
1	541718	0.853	0.147
1	541902	0.969	0.031
1	542309	0.99	0.01
1	543657	0.791	0.209
1	544590	0.475	0.525
1	544766	0.459	0.541
1	546097	0.42	0.58
1	546192	0.58	0.42
1	546994	0.305	0.695
1	547194	0.984	0.016
1	547503	0.134	0.866
1	548211	0.105	0.895
1	549948	0.87	0.13
1	550209	0.908	0.092
1	551085	0.84	0.16
1	551092	0.969	0.031
1	551211	0.907	0.093
1	551888	0.898	0.102
1	553066	0.425	0.575
1	553166	0.972	0.028
1	553754	0.809	0.191
1	554904	0.16	0.84
1	555446	0.966	0.034
1	556511	0.87	0.13
1	557296	0.559	0.441
1	557316	0.56	0.44
1	557812	0.786	0.214
1	557917	0.786	0.214
1	557943	0.786	0.214
1	558318	0.836	0.164
1	558883	0.533	0.467
1	559738	0.667	0.333
1	560836	0.757	0.243
1	560870	0.757	0.243
1	561553	0.043	0.957
1	562028	0.884	0.116
1	562034	0.987	0.013
1	562396	0.846	0.154
1	564082	0.895	0.105
1	564559	0.76	0.24
1	564634	0.174	0.826
1	564764	0.984	0.016
1	566200	0.054	0.946
1	566392	0.876	0.124
1	566966	0.793	0.207
1	567229	0.173	0.827
1	568664	0.051	0.949
1	568729	0.976	0.024
1	569000	0.99	0.01
1	569310	0.942	0.058
1	570156	0.808	0.192
1	570795	0.73	0.27
1	570892	0.559	0.441
1	573577	0.818	0.182
1	573730	0.732	0.268
1	574252	0.461	0.539
1	574569	0.864	0.136
1	574899	0.806	0.194
1	575435	0.798	0.202
1	575457	0.862	0.138
1	575938	0.767	0.233
1	576034	0.216	0.784
1	576166	0.402	0.598
1	576199	0.401	0.599
1	576531	0.386	0.614
1	577135	0.988	0.012
1	577348	0.444	0.556
1	577444	0.496	0.504
1	577838	0.94	0.06
1	580222	0.865	0.135
1	580387	0.687	0.313
1	580513	0.923	0.077
1	581238	0.459	0.541
1	582561	0.96	0.04
1	582565	0.749	0.251
1	582962	0.954	0.046
1	583177	0.956	0.044
1	585831	0.954	0.046
1	588772	0.972	0.028
1	588889	0.882	0.118
1	588943	0.964	0.036
1	589125	0.922	0.078
1	590023	0.948	0.052
1	590394	0.909	0.091
1	591126	0.777	0.223
1	591915	0.923	0.077
1	591923	0.955	0.045
1	593459	0.942	0.058
1	593496	0.635	0.365
1	594887	0.974	0.026
1	596224	0.947	0.053
1	596946	0.895	0.105
1	597173	0.979	0.021
1	597687	0.923	0.077
1	598564	0.361	0.639
1	599047	0.945	0.055
1	599517	0.949	0.051
1	599704	0.754	0.246
1	600833	0.931	0.069
1	600935	0.928	0.072
1	600994	0.972	0.028
1	601495	0.228	0.772
1	601587	0.363	0.637
1	601872	0.616	0.384
1	601901	0.953	0.047
1	602156	0.627	0.373
1	602478	0.97	0.03
1	603153	0.969	0.031
1	606283	0.702	0.298
1	606614	0.92	0.08
1	607400	0.917	0.083
1	608486	0.643	0.357
1	609094	0.51	0.49
1	609719	0.098	0.902
1	610603	0.309	0.691
1	610990	0.959	0.041
1	611255	0.947	0.053
1	611325	0.723	0.277
1	611410	0.954	0.046
1	611717	0.963	0.037
1	611904	0.319	0.681
1	612679	0.031	0.969
1	613437	0.771	0.229
1	614562	0.819	0.181
1	614849	0.039	0.961
1	614888	0.039	0.961
1	617158	0.934	0.066
1	617336	0.018	0.982
1	618178	0.763	0.237
1	618268	0.805	0.195
1	618556	0.799	0.201
1	618906	0.877	0.123
1	620138	0.958	0.042
1	621071	0.881	0.119
1	623096	0.973	0.027
1	623876	0.982	0.018
1	625049	0.322	0.678
1	626449	0.081	0.919
1	627359	0.578	0.422
1	627579	0.89	0.11
1	628713	0.951	0.049
1	628941	0.958	0.042
1	629962	0.725	0.275
1	630171	0.798	0.202
1	631303	0.867	0.133
1	631700	0.677	0.323
1	632193	0.903	0.097
1	632663	0.586	0.414
1	632670	0.951	0.049
1	633745	0.99	0.01
1	633771	0.922	0.078
1	633890	0.768	0.232
1	634021	0.751	0.249
1	634268	0.419	0.581
1	634586	0.542	0.458
1	635042	0.633	0.367
1	635280	0.989	0.011
1	635428	0.889	0.111
1	635696	0.692	0.308
1	635936	0.962	0.038
1	636558	0.875	0.125
1	637687	0.969	0.031
1	637922	0.917	0.083
1	638785	0.906	0.094
1	638818	0.955	0.045
1	639926	0.739	0.261
1	639985	0.984	0.016
1	640402	0.11	0.89
1	641508	0.348	0.652
1	641636	0.721	0.279
1	642047	0.195	0.805
1	642069	0.947	0.053
1	642136	0.9	0.1
1	642871	0.921	0.079
1	644212	0.799	0.201
1	645115	0.923	0.077
1	645714	0.864	0.136
1	647376	0.947	0.053
1	649753	0.958	0.042
1	650698	0.913	0.087
1	650737	0.9	0.1
1	650822	0.976	0.024
1	651975	0.903	0.097
1	653002	0.862	0.138
1	653195	0.145	0.855
1	654587	0.693	0.307
1	655185	0.774	0.226
1	655756	0.854	0.146
1	656025	0.585	0.415
1	656512	0.724	0.276
1	656622	0.952	0.048
1	656819	0.959	0.041
1	656901	0.119	0.881
1	658168	0.951	0.049
1	658619	0.688	0.312
1	659294	0.854	0.146
1	660186	0.904	0.096
1	661554	0.817	0.183
1	661571	0.916	0.084
1	662148	0.296	0.704
1	662278	0.582	0.418
1	662963	0.99	0.01
1	663644	0.564	0.436
1	663706	0.988	0.012
1	664364	0.904	0.096
1	664424	0.939	0.061
1	664868	0.917	0.083
1	665212	0.949	0.051
1	665609	0.953	0.047
1	665903	0.877	0.123
1	666121	0.257	0.743
1	666161	0.884	0.116
1	668083	0.958	0.042
1	668575	0.081	0.919
1	669770	0.894	0.106
1	671388	0.718	0.282
1	671939	0.143	0.857
1	672209	0.978	0.022
1	672294	0.947	0.053
1	672341	0.974	0.026
1	672377	0.947	0.053
1	674071	0.861	0.139
1	675038	0.45	0.55
1	675698	0.518	0.482
1	675710	0.592	0.408
1	676250	0.88	0.12
1	676402	0.833	0.167
1	676991	0.195	0.805
1	678056	0.868	0.132
1	680785	0.858	0.142
1	681015	0.696	0.304
1	681826	0.968	0.032
1	683962	0.675	0.325
1	684259	0.829	0.171
1	684632	0.843	0.157
1	684891	0.808	0.192
1	685119	0.477	0.523
1	686252	0.877	0.123
1	686292	0.85	0.15
1	686558	0.768	0.232
1	686744	0.263	0.737
1	687018	0.921	0.079
1	687339	0.958	0.042
1	687399	0.146	0.854
1	688112	0.563	0.437
1	690188	0.987	0.013
1	691423	0.79	0.21
1	691666	0.559	0.441
1	691754	0.979	0.021
1	691893	0.871	0.129
1	692807	0.104	0.896
1	693129	0.602	0.398
1	693694	0.088	0.912
1	694370	0.977	0.023
1	694617	0.948	0.052
1	695087	0.976	0.024
1	695162	0.762	0.238
1	695674	0.973	0.027
1	695752	0.989	0.011
1	696230	0.95	0.05
1	697794	0.708	0.292
1	698670	0.959	0.041
1	699353	0.65	0.35
1	700033	0.133	0.867
1	700047	0.868	0.132
1	700434	0.945	0.055
1	700992	0.886	0.114
1	701629	0.914	0.086
1	702068	0.984	0.016
1	702402	0.459	0.541
1	702409	0.459	0.541
1	702639	0.976	0.024
1	703452	0.977	0.023
1	704032	0.963	0.037
1	704342	0.805	0.195
1	704546	0.984	0.016
1	705163	0.526	0.474
1	706323	0.616	0.384
1	706499	0.935	0.065
1	707067	0.038	0.962
1	707912	0.98	0.02
1	708834	0.925	0.075
1	708940	0.925	0.075
1	710053	0.908	0.092
1	710263	0.657	0.343
1	711090	0.605	0.395
1	712123	0.726	0.274
1	712126	0.856	0.144
1	712545	0.402	0.598
1	713289	0.381	0.619
1	713693	0.78	0.22
1	716627	0.863	0.137
1	717091	0.968	0.032
1	718864	0.31	0.69
1	719274	0.834	0.166
1	719428	0.951	0.049
1	719636	0.99	0.01
1	720133	0.743	0.257
1	720143	0.475	0.525
1	720372	0.977	0.023
1	721226	0.968	0.032
1	722225	0.955	0.045
1	722440	0.875	0.125
1	722471	0.124	0.876
1	722905	0.975	0.025
1	723323	0.012	0.988
1	723755	0.072	0.928
1	723821	0.969	0.031
1	724042	0.361	0.639
1	724976	0.231	0.769
1	725352	0.977	0.023
1	725594	0.974	0.026
1	725840	0.322	0.678
1	726400	0.888	0.112
1	726493	0.972	0.028
1	726753	0.878	0.122
1	728302	0.749	0.251
1	728740	0.983	0.017
1	729504	0.974	0.026
1	729575	0.474	0.526
1	729769	0.602	0.398
1	730255	0.936	0.064
1	731546	0.904	0.096
1	731608	0.877	0.123
1	731618	0.587	0.413
1	731804	0.882	0.118
1	733002	0.784	0.216
1	734208	0.98	0.02
1	734237	0.932	0.068
1	734378	0.156	0.844
1	734396	0.918	0.082
1	735945	0.982	0.018
1	736450	0.989	0.011
1	736653	0.984	0.016
1	737560	0.927	0.073
1	737600	0.701	0.299
1	737633	0.985	0.015
1	737870	0.941	0.059
1	738889	0.939	0.061
1	739327	0.834	0.166
1	739889	0.943	0.057
1	740053	0.988	0.012
1	742967	0.915	0.085
1	744360	0.135	0.865
1	744825	0.856	0.144
1	745860	0.067	0.933
1	747837	0.508	0.492
1	748005	0.986	0.014
1	748759	0.979	0.021
1	749201	0.421	0.579
1	749289	0.978	0.022
1	749624	0.775	0.225
1	749827	0.893	0.107
1	750249	0.658	0.342
1	750565	0.669	0.331
1	751772	0.942	0.058
1	752252	0.75	0.25
1	754064	0.429	0.571
1	754233	0.293	0.707
1	754759	0.82	0.18
1	755663	0.986	0.014
1	757579	0.909	0.091
1	757943	0.904	0.096
1	759415	0.947	0.053
1	759473	0.825	0.175
1	760302	0.982	0.018
1	761289	0.35	0.65
1	762574	0.99	0.01
1	764767	0.641	0.359
1	765665	0.985	0.015
1	765836	0.868	0.132
1	767944	0.974	0.026
1	767996	0.931	0.069
1	768154	0.745	0.255
1	768562	0.718	0.282
1	770139	0.795	0.205
1	770145	0.867	0.133
1	771432	0.649	0.351
1	771504	0.47	0.53
1	772091	0.988	0.012
1	772333	0.757	0.243
1	773951	0.434	0.566
1	773961	0.854	0.146
1	774030	0.931	0.069
1	774605	0.982	0.018
1	774710	0.949	0.051
1	775161	0.211	0.789
1	777080	0.873	0.127
1	777925	0.978	0.022
1	778374	0.974	0.026
1	778463	0.759	0.241
1	778495	0.756	0.244
1	778600	0.03	0.97
1	780406	0.648	0.352
1	780738	0.963	0.037
1	782519	0.988	0.012
1	782822	0.42	0.58
1	783070	0.486	0.514
1	783097	0.959	0.041
1	783566	0.435	0.565
1	783691	0.519	0.481
1	784016	0.831	0.169
1	784202	0.802	0.198
1	785083	0.928	0.072
1	787358	0.809	0.191
1	788303	0.853	0.147
1	788534	0.223	0.777
1	788628	0.541	0.459
1	788803	0.48	0.52
1	789142	0.867	0.133
1	789174	0.916	0.084
1	789281	0.982	0.018
1	789497	0.979	0.021
1	789649	0.981	0.019
1	790348	0.704	0.296
1	792744	0.776	0.224
1	793342	0.817	0.183
1	794410	0.85	0.15
1	794439	0.828	0.172
1	795018	0.979	0.021
1	796468	0.981	0.019
1	796608	0.639	0.361
1	798446	0.624	0.376
1	798481	0.308	0.692
1	799777	0.175	0.825
1	800122	0.016	0.984
1	800233	0.938	0.062
1	800843	0.988	0.012
1	801444	0.765	0.235
1	801462	0.957	0.043
1	803777	0.936	0.064
1	804062	0.976	0.024
1	804218	0.036	0.964
1	804456	0.751	0.249
1	805153	0.14	0.86
1	808778	0.979	0.021
1	808867	0.743	0.257
1	809296	0.659	0.341
1	809370	0.989	0.011
1	809426	0.51	0.49
1	809817	0.893	0.107
1	810004	0.416	0.584
1	810338	0.986	0.014
1	810381	0.916	0.084
1	811189	0.714	0.286
1	811269	0.948	0.052
1	811684	0.85	0.15
1	812203	0.827	0.173
1	812418	0.965	0.035
1	813053	0.964	0.036
1	813563	0.946	0.054
1	813894	0.908	0.092
1	814312	0.71	0.29
1	814358	0.71	0.29
1	814969	0.972	0.028
1	815651	0.615	0.385
1	816779	0.925	0.075
1	817102	0.838	0.162
1	817259	0.654	0.346
1	817579	0.972	0.028
1	818967	0.876	0.124
1	819315	0.645	0.355
1	819362	0.421	0.579
1	820299	0.674	0.326
1	820635	0.143	0.857
1	824206	0.934	0.066
1	825124	0.595	0.405
1	825573	0.978	0.022
1	825758	0.986	0.014
1	825993	0.229	0.771
1	826278	0.981	0.019
1	827088	0.685	0.315
1	827160	0.173	0.827
1	827975	0.836	0.164
1	828123	0.846	0.154
1	828237	0.976	0.024
1	828309	0.968	0.032
1	829650	0.889	0.111
1	829689	0.963	0.037
1	829877	0.828	0.172
1	831045	0.891	0.109
1	831127	0.98	0.02
1	831484	0.051	0.949
1	831528	0.885	0.115
1	831627	0.279	0.721
1	831645	0.242	0.758
1	831927	0.964	0.036
1	832031	0.756	0.244
1	832032	0.907	0.093
1	832210	0.835	0.165
1	832344	0.934	0.066
1	832668	0.631	0.369
1	832811	0.337	0.663
1	832929	0.978	0.022
1	833092	0.845	0.155
1	833566	0.474	0.526
1	836676	0.902	0.098
1	837840	0.959	0.041
1	838711	0.774	0.226
1	838715	0.777	0.223
1	839480	0.963	0.037
1	841884	0.936	0.064
1	842372	0.987	0.013
1	842907	0.989	0.011
1	844052	0.911	0.089
1	844337	0.977	0.023
1	845676	0.204	0.796
1	845871	0.568	0.432
1	846181	0.597	0.403
1	846280	0.348	0.652
1	847951	0.976	0.024
1	848851	0.604	0.396
1	849398	0.31	0.69
1	851148	0.752	0.248
1	851295	0.958	0.042
1	851763	0.958	0.042
1	851967	0.937	0.063
1	852270	0.577	0.423
1	852836	0.524	0.476
1	853753	0.774	0.226
1	855255	0.85	0.15
1	855863	0.982	0.018
1	855980	0.937	0.063
1	858684	0.807	0.193
1	860823	0.587	0.413
1	860839	0.526	0.474
1	860867	0.474	0.526
1	861754	0.762	0.238
1	861836	0.517	0.483
1	863297	0.18	0.82
1	863475	0.539	0.461
1	863648	0.878	0.122
1	863929	0.939	0.061
1	864246	0.978	0.022
1	864561	0.586	0.414
1	864713	0.058	0.942
1	864738	0.798	0.202
1	867336	0.695	0.305
1	868799	0.905	0.095
1	870786	0.323	0.677
1	870956	0.961	0.039
1	871479	0.95	0.05
1	871760	0.818	0.182
1	871772	0.862	0.138
1	872161	0.912	0.088
1	872439	0.94	0.06
1	873643	0.913	0.087
1	873898	0.987	0.013
1	874296	0.902	0.098
1	874346	0.934	0.066
1	874902	0.979	0.021
1	874965	0.904	0.096
1	876994	0.989	0.011
1	877216	0.259	0.741
1	877529	0.99	0.01
1	877669	0.925	0.075
1	878168	0.726	0.274
1	878389	0.477	0.523
1	878575	0.668	0.332
1	878912	0.987	0.013
1	879246	0.783	0.217
1	880641	0.976	0.024
1	880864	0.806	0.194
1	880974	0.513	0.487
1	881740	0.606	0.394
1	881905	0.983	0.017
1	882320	0.952	0.048
1	882889	0.326	0.674
1	882946	0.337	0.663
1	884020	0.945	0.055
1	884619	0.878	0.122
1	884634	0.476	0.524
1	884938	0.95	0.05
1	885477	0.979	0.021
1	887096	0.964	0.036
1	887149	0.16	0.84
1	887217	0.856	0.144
1	887926	0.67	0.33
1	888019	0.987	0.013
1	888292	0.794	0.206
1	888514	0.932	0.068
1	888539	0.258	0.742
1	888722	0.889	0.111
1	889297	0.862	0.138
1	889314	0.931	0.069
1	889549	0.862	0.138
1	889944	0.936	0.064
1	889977	0.954	0.046
1	890388	0.971	0.029
1	891307	0.971	0.029
1	893021	0.966	0.034
1	893187	0.964	0.036
1	895295	0.85	0.15
1	896111	0.984	0.016
1	896640	0.788	0.212
1	896743	0.662	0.338
1	896856	0.681	0.319
1	898220	0.905	0.095
1	899798	0.983	0.017
1	901125	0.808	0.192
1	901588	0.947	0.053
1	901750	0.971	0.029
1	901787	0.961	0.039
1	901923	0.532	0.468
1	902112	0.984	0.016
1	904228	0.708	0.292
1	904650	0.341	0.659
1	905776	0.918	0.082
1	905951	0.307	0.693
1	907206	0.874	0.126
1	907363	0.937	0.063
1	907793	0.71	0.29
1	909582	0.803	0.197
1	914475	0.984	0.016
1	915068	0.089	0.911
1	916341	0.978	0.022
1	917561	0.904	0.096
1	918100	0.212	0.788
1	918306	0.983	0.017
1	918450	0.514	0.486
1	918713	0.347	0.653
1	918910	0.96	0.04
1	920228	0.968	0.032
1	920584	0.849	0.151
1	920967	0.916	0.084
1	921281	0.965	0.035
1	921287	0.941	0.059
1	922126	0.395	0.605
1	922415	0.86	0.14
1	923543	0.971	0.029
1	923676	0.891	0.109
1	925081	0.982	0.018
1	925204	0.988	0.012
1	925496	0.961	0.039
1	925773	0.236	0.764
1	927279	0.932	0.068
1	927982	0.805	0.195
1	928559	0.026	0.974
1	928648	0.95	0.05
1	928670	0.819	0.181
1	929800	0.865	0.135
1	930406	0.053	0.947
1	931251	0.847	0.153
1	931373	0.919	0.081
1	931886	0.919	0.081
1	931938	0.918	0.082
1	932917	0.844	0.156
1	934089	0.614	0.386
1	935292	0.759	0.241
1	935794	0.859	0.141
1	936201	0.688	0.312
1	936438	0.844	0.156
1	936554	0.614	0.386
1	936757	0.753	0.247
1	936770	0.787	0.213
1	937193	0.063	0.937
1	937363	0.586	0.414
1	938586	0.99	0.01
1	939474	0.42	0.58
1	940176	0.923	0.077
1	940617	0.892	0.108
1	940899	0.964	0.036
1	942677	0.269	0.731
1	943116	0.948	0.052
1	943209	0.526	0.474
1	944621	0.768	0.232
1	945352	0.99	0.01
1	946268	0.833	0.167
1	946409	0.915	0.085
1	947491	0.802	0.198
1	947737	0.949	0.051
1	948058	0.654	0.346
1	948387	0.975	0.025
1	948394	0.464	0.536
1	949096	0.019	0.981
1	949400	0.351	0.649
1	949413	0.649	0.351
1	950317	0.642	0.358
1	950357	0.742	0.258
1	950858	0.985	0.015
1	950908	0.964	0.036
1	951083	0.027	0.973
1	951766	0.986	0.014
1	952434	0.785	0.215
1	952480	0.782	0.218
1	953531	0.921	0.079
1	955387	0.053	0.947
1	955893	0.528	0.472
1	956564	0.979	0.021
1	956693	0.948	0.052
1	958371	0.903	0.097
1	958906	0.675	0.325
1	961080	0.945	0.055
1	961804	0.948	0.052
1	961941	0.948	0.052
1	962718	0.99	0.01
1	963878	0.983	0.017
1	963927	0.927	0.073
1	964230	0.111	0.889
1	964289	0.987	0.013
1	964314	0.98	0.02
1	966665	0.856	0.144
1	966995	0.965	0.035
1	967593	0.973	0.027
1	968395	0.735	0.265
1	970243	0.99	0.01
1	971441	0.093	0.907
1	972065	0.241	0.759
1	972120	0.733	0.267
1	972826	0.96	0.04
1	972963	0.566	0.434
1	973000	0.947	0.053
1	973305	0.86	0.14
1	974761	0.713	0.287
1	975209	0.918	0.082
1	975422	0.984	0.016
1	976080	0.715	0.285
1	976307	0.974	0.026
1	976595	0.976	0.024
1	977407	0.844	0.156
1	977565	0.412	0.588
1	977723	0.205	0.795
1	977759	0.971	0.029
1	978103	0.941	0.059
1	979740	0.944	0.056
1	980210	0.573	0.427
1	980460	0.933	0.067
1	982309	0.96	0.04
1	983495	0.92	0.08
1	984334	0.375	0.625
1	984474	0.903	0.097
1	984570	0.326	0.674
1	984884	0.917	0.083
1	985482	0.767	0.233
1	985624	0.628	0.372
1	986504	0.897	0.103
1	986841	0.972	0.028
1	990497	0.985	0.015
1	990934	0.343	0.657
1	991496	0.951	0.049
1	991583	0.491	0.509
1	992054	0.825	0.175
1	992228	0.873	0.127
1	992713	0.753	0.247
1	992807	0.855	0.145
1	994221	0.873	0.127
1	994926	0.409	0.591
1	995105	0.639	0.361
1	996162	0.888	0.112
1	996674	0.845	0.155
1	997525	0.777	0.223
1	997948	0.964	0.036
1	998470	0.582	0.418
1	999075	0.691	0.309
1	999169	0.989	0.011
1	1000789	0.787	0.213
1	1001789	0.961	0.039
1	1001879	0.235	0.765
1	1002253	0.707	0.293
1	1002296	0.91	0.09
1	1002404	0.972	0.028
1	1003336	0.654	0.346
1	1003568	0.548	0.452
1	1005347	0.562	0.438
1	1005898	0.239	0.761
1	1007160	0.786	0.214
1	1007279	0.467	0.533
1	1007360	0.972	0.028
1	1007576	0.856	0.144
1	1009494	0.975	0.025
1	1009557	0.952	0.048
1	1010705	0.454	0.546
1	1010804	0.946	0.054
1	1011103	0.657	0.343
1	1011198	0.743	0.257
1	1011316	0.158	0.842
1	1011614	0.729	0.271
1	1013326	0.963	0.037
1	1013660	0.919	0.081
1	1014055	0.794	0.206
1	1014475	0.331	0.669
1	1016324	0.932	0.068
1	1016991	0.986	0.014
1	1017286	0.888	0.112
1	1018123	0.526	0.474
1	1019056	0.814	0.186
1	1019076	0.981	0.019
1	1019132	0.795	0.205
1	1019210	0.944	0.056
1	1019792	0.091	0.909
1	1020790	0.646	0.354
1	1021576	0.439	0.561
1	1021937	0.855	0.145
1	1024072	0.599	0.401
1	1024874	0.275	0.725
1	1025874	0.445	0.555
1	1026104	0.98	0.02
1	1026463	0.986	0.014
1	1026623	0.895	0.105
1	1026706	0.955	0.045
1	1026847	0.94	0.06
1	1027041	0.973	0.027
1	1027472	0.898	0.102
1	1027605	0.679	0.321
1	1028645	0.931	0.069
1	1029164	0.97	0.03
1	1029527	0.897	0.103
1	1029749	0.946	0.054
1	1029844	0.831	0.169
1	1030575	0.984	0.016
1	1031619	0.729	0.271
1	1032670	0.855	0.145
1	1032820	0.583	0.417
1	1033852	0.916	0.084
1	1034332	0.845	0.155
1	1034542	0.868	0.132
1	1034862	0.791	0.209
1	1035723	0.672	0.328
1	1035749	0.328	0.672
1	1036321	0.873	0.127
1	1037485	0.982	0.018
1	1038954	0.684	0.316
1	1039647	0.961	0.039
1	1040065	0.912	0.088
1	1041541	0.693	0.307
1	1041660	0.685	0.315
1	1042204	0.94	0.06
1	1042294	0.814	0.186
1	1043459	0.866	0.134
1	1043976	0.956	0.044
1	1044232	0.962	0.038
1	1044843	0.802	0.198
1	1046381	0.306	0.694
1	1048350	0.809	0.191
1	1049565	0.294	0.706
1	1049566	0.88	0.12
1	1051416	0.675	0.325
1	1051762	0.75	0.25
1	1051974	0.777	0.223
1	1052853	0.06	0.94
1	1052919	0.983	0.017
1	1053492	0.646	0.354
1	1054154	0.907	0.093
1	1054305	0.98	0.02
1	1054559	0.883	0.117
1	1054823	0.771	0.229
1	1055052	0.976	0.024
1	1055294	0.927	0.073
1	1057054	0.958	0.042
1	1057413	0.962	0.038
1	1057744	0.71	0.29
1	1059297	0.529	0.471
1	1060291	0.46	0.54
1	1060367	0.893	0.107
1	1060696	0.99	0.01
1	1061311	0.484	0.516
1	1062185	0.957	0.043
1	1064133	0.116	0.884
1	1064145	0.96	0.04
1	1064936	0.054	0.946
1	1066282	0.912	0.088
1	1066470	0.954	0.046
1	1066734	0.785	0.215
1	1070343	0.465	0.535
1	1070717	0.823	0.177
1	1071409	0.581	0.419
1	1072881	0.983	0.017
1	1072997	0.99	0.01
1	1073086	0.906	0.094
1	1074305	0.864	0.136
1	1074443	0.725	0.275
1	1074863	0.632	0.368
1	1074885	0.47	0.53
1	1075149	0.983	0.017
1	1075197	0.834	0.166
1	1075255	0.822	0.178
1	1075773	0.601	0.399
1	1076842	0.964	0.036
1	1076961	0.961	0.039
1	1077482	0.837	0.163
1	1077993	0.895	0.105
1	1080504	0.763	0.237
1	1080752	0.858	0.142
1	1082411	0.694	0.306
1	1082476	0.066	0.934
1	1082897	0.983	0.017
1	1083423	0.809	0.191
1	1083694	0.932	0.068
1	1084568	0.877	0.123
1	1085440	0.988	0.012
1	1085714	0.627	0.373
1	1086257	0.936	0.064
1	1086725	0.971	0.029
1	1087603	0.938	0.062
1	1087908	0.364	0.636
1	1088629	0.131	0.869
1	1089185	0.99	0.01
1	1089404	0.99	0.01
1	1089855	0.973	0.027
1	1090984	0.908	0.092
1	1091114	0.976	0.024
1	1093805	0.398	0.602
1	1093869	0.611	0.389
1	1094066	0.933	0.067
1	1095866	0.804	0.196
1	1095869	0.7	0.3
1	1096406	0.94	0.06
1	1096446	0.989	0.011
1	1097029	0.546	0.454
1	1097602	0.808	0.192
1	1099375	0.966	0.034
1	1099487	0.87	0.13
1	1099608	0.975	0.025
1	1101285	0.899	0.101
1	1101556	0.679	0.321
1	1101712	0.977	0.023
1	1101825	0.304	0.696
1	1103622	0.96	0.04
1	1103690	0.129	0.871
1	1103740	0.839	0.161
1	1103757	0.136	0.864
1	1104112	0.914	0.086
1	1104882	0.862	0.138
1	1105093	0.848	0.152
1	1105727	0.128	0.872
1	1106031	0.928	0.072
1	1106598	0.828	0.172
1	1107040	0.987	0.013
1	1107571	0.981	0.019
1	1107942	0.014	0.986
1	1108139	0.765	0.235
1	1109040	0.614	0.386
1	1109313	0.652	0.348
1	1110293	0.109	0.891
1	1110975	0.357	0.643
1	1111416	0.575	0.425
1	1111439	0.956	0.044
1	1111484	0.567	0.433
1	1113503	0.944	0.056
1	1113554	0.828	0.172
1	1113592	0.792	0.208
1	1114182	0.981	0.019
1	1114523	0.905	0.095
1	1115109	0.826	0.174
1	1115727	0.967	0.033
1	1116414	0.689	0.311
1	1116470	0.99	0.01
1	1117093	0.989	0.011
1	1117355	0.963	0.037
1	1118369	0.533	0.467
1	1118858	0.856	0.144
1	1120617	0.99	0.01
1	1120832	0.878	0.122
1	1120946	0.891	0.109
1	1121242	0.773	0.227
1	1121917	0.18	0.82
1	1122143	0.15	0.85
1	1122273	0.812	0.188
1	1123402	0.348	0.652
1	1124322	0.354	0.646
1	1125836	0.531	0.469
1	1126834	0.945	0.055
1	1129005	0.584	0.416
1	1129597	0.973	0.027
1	1129685	0.738	0.262
1	1129861	0.933	0.067
1	1130270	0.341	0.659
1	1130618	0.782	0.218
1	1130827	0.057	0.943
1	1133834	0.967	0.033
1	1136397	0.688	0.312
1	1136402	0.688	0.312
1	1136710	0.914	0.086
1	1137334	0.975	0.025
1	1138360	0.981	0.019
1	1138406	0.958	0.042
1	1138989	0.952	0.048
1	1139735	0.985	0.015
1	1140050	0.979	0.021
1	1141877	0.222	0.778
1	1141982	0.191	0.809
1	1142069	0.956	0.044
1	1143840	0.887	0.113
1	1143904	0.804	0.196
1	1144436	0.519	0.481
1	1144659	0.841	0.159
1	1145135	0.958	0.042
1	1145515	0.945	0.055
1	1145670	0.851	0.149
1	1146538	0.945	0.055
1	1146603	0.915	0.085
1	1147160	0.285	0.715
1	1147475	0.903	0.097
1	1147711	0.971	0.029
1	1149086	0.941	0.059
1	1150794	0.877	0.123
1	1151812	0.341	0.659
1	1152380	0.986	0.014
1	1153068	0.754	0.246
1	1153752	0.956	0.044
1	1153825	0.949	0.051
1	1154515	0.876	0.124
1	1154666	0.28	0.72
1	1154971	0.945	0.055
1	1155120	0.982	0.018
1	1156180	0.976	0.024
1	1156352	0.973	0.027
1	1156633	0.948	0.052
1	1156752	0.217	0.783
1	1157397	0.514	0.486
1	1157420	0.835	0.165
1	1157953	0.082	0.918
1	1159440	0.77	0.23
1	1160102	0.989	0.011
1	1160302	0.581	0.419
1	1160628	0.45	0.55
1	1161585	0.829	0.171
1	1162031	0.964	0.036
1	1162149	0.692	0.308
1	1162338	0.985	0.015
1	1162477	0.845	0.155
1	1163123	0.986	0.014
1	1163461	0.981	0.019
1	1164176	0.804	0.196
1	1164437	0.982	0.018
1	1164454	0.422	0.578
1	1164636	0.276	0.724
1	1164685	0.276	0.724
1	1164919	0.542	0.458
1	1165180	0.99	0.01
1	1165566	0.844	0.156
1	1166135	0.671	0.329
1	1168074	0.788	0.212
1	1168120	0.941	0.059
1	1168426	0.771	0.229
1	1169178	0.888	0.112
1	1169240	0.888	0.112
1	1170626	0.887	0.113
1	1170840	0.57	0.43
1	1171175	0.99	0.01
1	1171388	0.922	0.078
1	1171598	0.918	0.082
1	1171909	0.99	0.01
1	1171983	0.3	0.7
1	1172833	0.24	0.76
1	1172857	0.261	0.739
1	1173041	0.842	0.158
1	1173718	0.902	0.098
1	1174651	0.96	0.04
1	1174668	0.97	0.03
1	1175542	0.492	0.508
1	1175686	0.971	0.029
1	1175846	0.81	0.19
1	1176794	0.665	0.335
1	1177636	0.987	0.013
1	1178031	0.82	0.18
1	1179430	0.926	0.074
1	1179646	0.136	0.864
1	1179647	0.962	0.038
1	1180178	0.942	0.058
1	1180686	0.99	0.01
1	1180746	0.01	0.99
1	1180985	0.869	0.131
1	1181004	0.934	0.066
1	1181192	0.869	0.131
1	1181590	0.467	0.533
1	1182237	0.605	0.395
1	1182872	0.922	0.078
1	1183507	0.761	0.239
1	1185068	0.741	0.259
1	1185242	0.974	0.026
1	1185517	0.78	0.22
1	1185868	0.981	0.019
1	1186339	0.814	0.186
1	1187334	0.567	0.433
1	1187412	0.964	0.036
1	1187728	0.857	0.143
1	1188296	0.935	0.065
1	1189846	0.983	0.017
1	1190025	0.869	0.131
1	1191448	0.894	0.106
1	1191464	0.106	0.894
1	1191520	0.106	0.894
1	1192064	0.771	0.229
1	1192261	0.946	0.054
1	1192566	0.515	0.485
1	1192679	0.99	0.01
1	1193018	0.965	0.035
1	1193821	0.218	0.782
1	1193851	0.973	0.027
1	1194537	0.984	0.016
1	1195064	0.879	0.121
1	1195652	0.93	0.07
1	1196703	0.988	0.012
1	1197612	0.493	0.507
1	1198383	0.954	0.046
1	1198420	0.881	0.119
1	1198668	0.971	0.029
1	1199505	0.92	0.08
1	1199580	0.036	0.964
1	1199901	0.982	0.018
1	1200469	0.839	0.161
1	1201255	0.257	0.743
1	1201969	0.924	0.076
1	1204019	0.233	0.767
1	1204059	0.608	0.392
1	1204706	0.712	0.288
1	1205571	0.818	0.182
1	1205704	0.876	0.124
1	1207323	0.99	0.01
1	1208103	0.94	0.06
1	1208659	0.878	0.122
1	1208958	0.865	0.135
1	1209717	0.066	0.934
1	1209812	0.861	0.139
1	1210185	0.986	0.014
1	1210220	0.924	0.076
1	1212892	0.75	0.25
1	1212901	0.971	0.029
1	1213899	0.508	0.492
1	1214143	0.885	0.115
1	1214197	0.955	0.045
1	1216158	0.736	0.264
1	1217703	0.387	0.613
1	1217974	0.821	0.179
1	1219970	0.673	0.327
1	1221322	0.848	0.152
1	1222129	0.944	0.056
1	1222197	0.44	0.56
1	1222532	0.96	0.04
1	1222701	0.935	0.065
1	1223064	0.607	0.393
1	1225792	0.945	0.055
1	1226857	0.891	0.109
1	1227092	0.321	0.679
1	1227645	0.982	0.018
1	1227847	0.972	0.028
1	1228496	0.98	0.02
1	1228652	0.263	0.737
1	1229115	0.84	0.16
1	1230325	0.978	0.022
1	1230387	0.429	0.571
1	1231569	0.959	0.041
1	1232792	0.513	0.487
1	1233361	0.983	0.017
1	1234378	0.596	0.404
1	1236566	0.873	0.127
1	1236722	0.137	0.863
1	1237579	0.97	0.03
1	1239037	0.986	0.014
1	1240518	0.72	0.28
1	1240870	0.747	0.253
1	1241175	0.95	0.05
1	1243282	0.975	0.025
1	1244320	0.729	0.271
1	1245905	0.765	0.235
1	1245984	0.99	0.01
1	1246272	0.588	0.412
1	1247257	0.981	0.019
1	1248101	0.214	0.786
1	1248374	0.982	0.018
1	1249356	0.87	0.13
1	1249656	0.977	0.023
1	1250004	0.681	0.319
1	1252930	0.836	0.164
1	1253190	0.88	0.12
1	1253259	0.906	0.094
1	1253517	0.714	0.286
1	1254581	0.785	0.215
1	1255755	0.354	0.646
1	1256682	0.384	0.616
1	1256736	0.903	0.097
1	1256912	0.934	0.066
1	1258146	0.625	0.375
1	1258697	0.981	0.019
1	1259022	0.96	0.04
1	1259755	0.914	0.086
1	1262171	0.557	0.443
1	1263040	0.92	0.08
1	1263318	0.955	0.045
1	1263346	0.592	0.408
1	1265060	0.976	0.024
1	1265732	0.691	0.309
1	1268511	0.957	0.043
1	1270642	0.865	0.135
1	1270701	0.946	0.054
1	1270703	0.912	0.088
1	1274245	0.791	0.209
1	1275929	0.908	0.092
1	1276172	0.886	0.114
1	1276629	0.92	0.08
1	1276689	0.926	0.074
1	1277065	0.844	0.156
1	1277294	0.708	0.292
1	1277326	0.708	0.292
1	1277612	0.983	0.017
1	1277844	0.887	0.113
1	1278234	0.966	0.034
1	1278355	0.9	0.1
1	1278777	0.974	0.026
1	1279737	0.761	0.239
1	1279792	0.722	0.278
1	1279843	0.269	0.731
1	1281025	0.974	0.026
1	1281026	0.984	0.016
1	1281967	0.195	0.805
1	1284644	0.919	0.081
1	1285229	0.288	0.712
1	1286286	0.33	0.67
1	1286587	0.127	0.873
1	1286778	0.888	0.112
1	1286808	0.986	0.014
1	1287728	0.588	0.412
1	1288699	0.71	0.29
1	1288973	0.772	0.228
1	1290972	0.989	0.011
1	1291228	0.879	0.121
1	1291282	0.934	0.066
1	1291826	0.975	0.025
1	1291867	0.772	0.228
1	1293699	0.978	0.022
1	1293945	0.86	0.14
1	1296271	0.987	0.013
1	1299230	0.765	0.235
1	1299580	0.956	0.044
1	1299815	0.978	0.022
1	1300136	0.804	0.196
1	1300404	0.82	0.18
1	1300602	0.952	0.048
1	1300717	0.834	0.166
1	1301811	0.977	0.023
1	1302257	0.757	0.243
1	1302846	0.954	0.046
1	1303791	0.871	0.129
1	1304348	0.111	0.889
1	1305265	0.645	0.355
1	1305476	0.145	0.855
1	1305644	0.97	0.03
1	1306273	0.464	0.536
1	1306530	0.306	0.694
1	1306879	0.649	0.351
1	1307142	0.708	0.292
1	1307442	0.483	0.517
1	1308051	0.019	0.981
1	1308237	0.166	0.834
1	1309113	0.261	0.739
1	1309795	0.968	0.032
1	1310920	0.508	0.492
1	1311309	0.936	0.064
1	1311491	0.882	0.118
1	1312644	0.496	0.504
1	1312816	0.98	0.02
1	1312975	0.91	0.09
1	1313504	0.986	0.014
1	1314236	0.981	0.019
1	1314248	0.9	0.1
1	1315700	0.166	0.834
1	1315766	0.183	0.817
1	1317208	0.634	0.366
1	1318054	0.975	0.025
1	1318611	0.974	0.026
1	1318624	0.961	0.039
1	1319115	0.812	0.188
1	1319124	0.908	0.092
1	1319300	0.855	0.145
1	1319863	0.038	0.962
1	1321035	0.969	0.031
1	1322986	0.921	0.079
1	1323061	0.643	0.357
1	1323475	0.812	0.188
1	1324741	0.973	0.027
1	1324995	0.974	0.026
1	1325508	0.975	0.025
1	1327029	0.307	0.693
1	1328928	0.552	0.448
1	1329585	0.639	0.361
1	1329823	0.145	0.855
1	1330253	0.87	0.13
1	1330291	0.794	0.206
1	1331063	0.919	0.081
1	1331873	0.802	0.198
1	1332171	0.246	0.754
1	1332190	0.946	0.054
1	1333496	0.93	0.07
1	1333499	0.831	0.169
1	1335847	0.504	0.496
1	1336058	0.929	0.071
1	1336414	0.974	0.026
1	1336432	0.557	0.443
1	1336534	0.874	0.126
1	1338288	0.98	0.02
1	1339161	0.02	0.98
1	1339364	0.926	0.074
1	1339377	0.984	0.016
1	1339916	0.958	0.042
1	1340503	0.979	0.021
1	1340834	0.985	0.015
1	1341450	0.945	0.055
1	1342200	0.903	0.097
1	1343345	0.955	0.045
1	1343488	0.966	0.034
1	1343964	0.966	0.034
1	1344245	0.87	0.13
1	1344745	0.9	0.1
1	1345075	0.973	0.027
1	1345770	0.987	0.013
1	1348031	0.277	0.723
1	1348128	0.85	0.15
1	1348561	0.23	0.77
1	1348832	0.483	0.517
1	1349520	0.582	0.418
1	1349833	0.789	0.211
1	1350079	0.368	0.632
1	1350562	0.982	0.018
1	1351685	0.591	0.409
1	1352655	0.974	0.026
1	1352931	0.578	0.422
1	1353311	0.442	0.558
1	1353355	0.292	0.708
1	1354016	0.432	0.568
1	1354742	0.962	0.038
1	1355166	0.931	0.069
1	1355473	0.597	0.403
1	1355564	0.288	0.712
1	1355749	0.926	0.074
1	1355814	0.926	0.074
1	1355854	0.392	0.608
1	1357892	0.884	0.116
1	1357973	0.88	0.12
1	1357992	0.88	0.12
1	1357994	0.904	0.096
1	1359532	0.876	0.124
1	1359826	0.985	0.015
1	1360392	0.968	0.032
1	1360899	0.947	0.053
1	1363105	0.592	0.408
1	1363112	0.95	0.05
1	1363237	0.588	0.412
1	1363748	0.263	0.737
1	1364151	0.945	0.055
1	1364547	0.99	0.01
1	1365301	0.987	0.013
1	1365528	0.949	0.051
1	1367012	0.971	0.029
1	1367864	0.825	0.175
1	1367975	0.985	0.015
1	1368272	0.445	0.555
1	1368333	0.784	0.216
1	1368359	0.899	0.101
1	1368804	0.914	0.086
1	1369358	0.858	0.142
1	1369937	0.97	0.03
1	1372674	0.982	0.018
1	1372919	0.924	0.076
1	1373532	0.981	0.019
1	1373668	0.752	0.248
1	1373727	0.907	0.093
1	1373850	0.693	0.307
1	1375121	0.776	0.224
1	1375500	0.803	0.197
1	1376853	0.955	0.045
1	1377210	0.128	0.872
1	1377718	0.956	0.044
1	1377781	0.911	0.089
1	1378524	0.928	0.072
1	1379083	0.902	0.098
1	1379808	0.909	0.091
1	1380281	0.951	0.049
1	1380472	0.758	0.242
1	1381329	0.475	0.525
1	1381599	0.967	0.033
1	1383347	0.958	0.042
1	1383686	0.959	0.041
1	1383795	0.98	0.02
1	1384681	0.803	0.197
1	1384912	0.573	0.427
1	1385872	0.73	0.27
1	1385916	0.752	0.248
1	1386187	0.263	0.737
1	1388064	0.357	0.643
1	1388202	0.966	0.034
1	1388211	0.933	0.067
1	1388482	0.852	0.148
1	1388671	0.96	0.04
1	1389280	0.926	0.074
1	1390909	0.65	0.35
1	1392087	0.798	0.202
1	1393659	0.627	0.373
1	1394330	0.679	0.321
1	1394349	0.791	0.209
1	1395053	0.961	0.039
1	1395328	0.989	0.011
1	1395329	0.768	0.232
1	1395986	0.917	0.083
1	1396583	0.969	0.031
1	1397173	0.756	0.244
1	1397868	0.23	0.77
1	1397937	0.985	0.015
1	1398176	0.79	0.21
1	1398868	0.964	0.036
1	1399422	0.974	0.026
1	1400235	0.146	0.854
1	1401014	0.391	0.609
1	1401399	0.896	0.104
1	1402199	0.902	0.098
1	1402822	0.884	0.116
1	1403592	0.766	0.234
1	1403983	0.669	0.331
1	1404113	0.781	0.219
1	1404673	0.127	0.873
1	1404979	0.785	0.215
1	1405077	0.982	0.018
1	1405767	0.772	0.228
1	1406034	0.978	0.022
1	1407384	0.749	0.251
1	1408322	0.791	0.209
1	1409023	0.486	0.514
1	1409570	0.925	0.075
1	1409722	0.972	0.028
1	1411183	0.873	0.127
1	1411970	0.716	0.284
1	1413436	0.638	0.362
1	1413642	0.987	0.013
1	1413760	0.788	0.212
1	1414233	0.739	0.261
1	1414496	0.908	0.092
1	1415537	0.984	0.016
1	1416796	0.952	0.048
1	1416946	0.63	0.37
1	1417250	0.048	0.952
1	1417298	0.896	0.104
1	1417353	0.943	0.057
1	1417660	0.987	0.013
1	1417863	0.729	0.271
1	1418239	0.975	0.025
1	1419056	0.828	0.172
1	1419762	0.952	0.048
1	1420434	0.868	0.132
1	1420510	0.709	0.291
1	1420924	0.947	0.053
1	1421032	0.905	0.095
1	1422126	0.822	0.178
1	1422793	0.853	0.147
1	1423758	0.955	0.045
1	1423818	0.988	0.012
1	1424329	0.891	0.109
1	1424424	0.795	0.205
1	1425709	0.845	0.155
1	1426315	0.984	0.016
1	1426604	0.165	0.835
1	1426705	0.959	0.041
1	1429003	0.569	0.431
1	1430855	0.265	0.735
1	1431328	0.897	0.103
1	1431703	0.925	0.075
1	1432458	0.961	0.039
1	1433702	0.983	0.017
1	1434301	0.883	0.117
1	1434582	0.244	0.756
1	1434587	0.902	0.098
1	1434886	0.92	0.08
1	1434901	0.944	0.056
1	1436408	0.983	0.017
1	1436436	0.105	0.895
1	1436572	0.247	0.753
1	1438734	0.946	0.054
1	1438938	0.964	0.036
1	1439152	0.629	0.371
1	1439564	0.943	0.057
1	1439907	0.709	0.291
1	1442491	0.85	0.15
1	1442546	0.972	0.028
1	1442719	0.989	0.011
1	1442807	0.363	0.637
1	1443557	0.745	0.255
1	1443613	0.745	0.255
1	1444555	0.741	0.259
1	1444892	0.221	0.779
1	1445515	0.706	0.294
1	1446296	0.783	0.217
1	1446315	0.115	0.885
1	1446436	0.05	0.95
1	1447390	0.95	0.05
1	1447655	0.98	0.02
1	1448823	0.963	0.037
1	1449681	0.659	0.341
1	1449903	0.983	0.017
1	1450219	0.989	0.011
1	1450372	0.957	0.043
1	1450541	0.975	0.025
1	1450581	0.963	0.037
1	1450588	0.923	0.077
1	1450668	0.839	0.161
1	1450907	0.82	0.18
1	1451087	0.935	0.065
1	1451098	0.298	0.702
1	1451569	0.882	0.118
1	1453560	0.882	0.118
1	1454342	0.982	0.018
1	1455955	0.951	0.049
1	1455986	0.692	0.308
1	1456553	0.966	0.034
1	1457758	0.709	0.291
1	1458205	0.198	0.802
1	1460113	0.184	0.816
1	1460282	0.97	0.03
1	1460547	0.437	0.563
1	1460997	0.924	0.076
1	1461032	0.533	0.467
1	1461270	0.961	0.039
1	1463438	0.957	0.043
1	1463533	0.946	0.054
1	1465302	0.941	0.059
1	1465502	0.907	0.093
1	1467798	0.423	0.577
1	1468128	0.459	0.541
1	1468147	0.897	0.103
1	1468724	0.891	0.109
1	1468930	0.706	0.294
1	1469996	0.962	0.038
1	1470727	0.987	0.013
1	1472644	0.927	0.073
1	1473424	0.989	0.011
1	1473738	0.813	0.187
1	1475402	0.098	0.902
1	1476016	0.987	0.013
1	1476351	0.86	0.14
1	1477738	0.754	0.246
1	1478289	0.515	0.485
1	1479337	0.648	0.352
1	1480121	0.961	0.039
1	1480391	0.873	0.127
1	1481299	0.989	0.011
1	1482477	0.959	0.041
1	1482744	0.978	0.022
1	1483091	0.976	0.024
1	1483438	0.592	0.408
1	1483842	0.094	0.906
1	1484871	0.689	0.311
1	1485220	0.103	0.897
1	1485788	0.513	0.487
1	1485931	0.724	0.276
1	1486345	0.977	0.023
1	1486844	0.554	0.446
1	1487979	0.764	0.236
1	1488102	0.954	0.046
1	1488174	0.972	0.028
1	1488570	0.819	0.181
1	1488599	0.956	0.044
1	1489317	0.934	0.066
1	1489944	0.913	0.087
1	1490350	0.344	0.656
1	1490479	0.816	0.184
1	1491948	0.971	0.029
1	1492535	0.338	0.662
1	1492649	0.635	0.365
1	1493020	0.986	0.014
1	1493284	0.974	0.026
1	1494354	0.96	0.04
1	1494603	0.767	0.233
1	1494996	0.701	0.299
1	1495095	0.916	0.084
1	1495200	0.863	0.137
1	1495210	0.863	0.137
1	1496547	0.926	0.074
1	1496619	0.074	0.926
1	1496800	0.629	0.371
1	1498831	0.501	0.499
1	1498964	0.159	0.841
1	1499431	0.655	0.345
1	1499966	0.916	0.084
